298371 0 0.0 0.0 0.0 0.0 0.0 0.0 0.0 0.0 0.0 0.0 0.0 0.0 
298378 0 0.0 0.0 0.0 0.0 0.0 0.0 0.0 0.0 0.0 0.0 0.0 0.0 
298388 0 0.0 0.0 0.0 0.0 0.0 0.0 0.0 0.0 0.0 0.0 0.0 0.0 
298398 0 0.0 0.0 0.0 0.0 0.0 0.0 0.0 0.0 0.0 0.0 0.0 0.0 
298408 0 0.0 0.0 0.0 0.0 0.0 0.0 0.0 0.0 0.0 0.0 0.0 0.0 
298418 0 0.0 0.0 0.0 0.0 0.0 0.0 0.0 0.0 0.0 0.0 0.0 0.0 
298428 0 0.0 0.0 0.0 0.0 0.0 0.0 0.0 0.0 0.0 0.0 0.0 0.0 
298438 0 0.0 0.0 0.0 0.0 0.0 0.0 0.0 0.0 0.0 0.0 0.0 0.0 
298448 0 0.0 0.0 0.0 0.0 0.0 0.0 0.0 0.0 0.0 0.0 0.0 0.0 
298458 0 0.0 0.0 0.0 0.0 0.0 0.0 0.0 0.0 0.0 0.0 0.0 0.0 
298468 0 0.0 0.0 0.0 0.0 0.0 0.0 0.0 0.0 0.0 0.0 0.0 0.0 
298478 0 0.0 0.0 0.0 0.0 0.0 0.0 0.0 0.0 0.0 0.0 0.0 0.0 
298488 0 0.0 0.0 0.0 0.0 0.0 0.0 0.0 0.0 0.0 0.0 0.0 0.0 
298498 0 0.0 0.0 0.0 0.0 0.0 0.0 0.0 0.0 0.0 0.0 0.0 0.0 
298508 0 0.0 0.0 0.0 0.0 0.0 0.0 0.0 0.0 0.0 0.0 0.0 0.0 
298518 0 0.0 0.0 0.0 0.0 0.0 0.0 0.0 0.0 0.0 0.0 0.0 0.0 
298528 0 0.0 0.0 0.0 0.0 0.0 0.0 0.0 0.0 0.0 0.0 0.0 0.0 
298538 0 0.0 0.0 0.0 0.0 0.0 0.0 0.0 0.0 0.0 0.0 0.0 0.0 
298548 0 0.0 0.0 0.0 0.0 0.0 0.0 0.0 0.0 0.0 0.0 0.0 0.0 
298558 0 0.0 0.0 0.0 0.0 0.0 0.0 0.0 0.0 0.0 0.0 0.0 0.0 
298568 0 0.0 0.0 0.0 0.0 0.0 0.0 0.0 0.0 0.0 0.0 0.0 0.0 
298578 0 0.0 0.0 0.0 0.0 0.0 0.0 0.0 0.0 0.0 0.0 0.0 0.0 
298588 0 0.0 0.0 0.0 0.0 0.0 0.0 0.0 0.0 0.0 0.0 0.0 0.0 
298598 0 0.0 0.0 0.0 0.0 0.0 0.0 0.0 0.0 0.0 0.0 0.0 0.0 
298608 0 0.0 0.0 0.0 0.0 0.0 0.0 0.0 0.0 0.0 0.0 0.0 0.0 
298618 0 0.0 0.0 0.0 0.0 0.0 0.0 0.0 0.0 0.0 0.0 0.0 0.0 
298628 0 0.0 0.0 0.0 0.0 0.0 0.0 0.0 0.0 0.0 0.0 0.0 0.0 
298638 0 0.0 0.0 0.0 0.0 0.0 0.0 0.0 0.0 0.0 0.0 0.0 0.0 
298648 0 0.0 0.0 0.0 0.0 0.0 0.0 0.0 0.0 0.0 0.0 0.0 0.0 
298658 0 0.0 0.0 0.0 0.0 0.0 0.0 0.0 0.0 0.0 0.0 0.0 0.0 
298668 0 0.0 0.0 0.0 0.0 0.0 0.0 0.0 0.0 0.0 0.0 0.0 0.0 
298678 0 0.0 0.0 0.0 0.0 0.0 0.0 0.0 0.0 0.0 0.0 0.0 0.0 
298688 0 0.0 0.0 0.0 0.0 0.0 0.0 0.0 0.0 0.0 0.0 0.0 0.0 
298698 0 0.0 0.0 0.0 0.0 0.0 0.0 0.0 0.0 0.0 0.0 0.0 0.0 
298708 0 0.0 0.0 0.0 0.0 0.0 0.0 0.0 0.0 0.0 0.0 0.0 0.0 
298718 0 0.0 0.0 0.0 0.0 0.0 0.0 0.0 0.0 0.0 0.0 0.0 0.0 
298728 0 0.0 0.0 0.0 0.0 0.0 0.0 0.0 0.0 0.0 0.0 0.0 0.0 
298738 0 0.0 0.0 0.0 0.0 0.0 0.0 0.0 0.0 0.0 0.0 0.0 0.0 
298748 0 0.0 0.0 0.0 0.0 0.0 0.0 0.0 0.0 0.0 0.0 0.0 0.0 
298758 0 0.0 0.0 0.0 0.0 0.0 0.0 0.0 0.0 0.0 0.0 0.0 0.0 
298768 0 0.0 0.0 0.0 0.0 0.0 0.0 0.0 0.0 0.0 0.0 0.0 0.0 
298778 0 0.0 0.0 0.0 0.0 0.0 0.0 0.0 0.0 0.0 0.0 0.0 0.0 
298788 0 0.0 0.0 0.0 0.0 0.0 0.0 0.0 0.0 0.0 0.0 0.0 0.0 
298798 0 0.0 0.0 0.0 0.0 0.0 0.0 0.0 0.0 0.0 0.0 0.0 0.0 
298808 0 0.0 0.0 0.0 0.0 0.0 0.0 0.0 0.0 0.0 0.0 0.0 0.0 
298818 0 0.0 0.0 0.0 0.0 0.0 0.0 0.0 0.0 0.0 0.0 0.0 0.0 
298828 0 0.0 0.0 0.0 0.0 0.0 0.0 0.0 0.0 0.0 0.0 0.0 0.0 
298838 0 0.0 0.0 0.0 0.0 0.0 0.0 0.0 0.0 0.0 0.0 0.0 0.0 
298848 0 0.0 0.0 0.0 0.0 0.0 0.0 0.0 0.0 0.0 0.0 0.0 0.0 
298858 0 0.0 0.0 0.0 0.0 0.0 0.0 0.0 0.0 0.0 0.0 0.0 0.0 
298868 0 0.0 0.0 0.0 0.0 0.0 0.0 0.0 0.0 0.0 0.0 0.0 0.0 
298878 0 0.0 0.0 0.0 0.0 0.0 0.0 0.0 0.0 0.0 0.0 0.0 0.0 
298888 0 0.0 0.0 0.0 0.0 0.0 0.0 0.0 0.0 0.0 0.0 0.0 0.0 
298898 0 0.0 0.0 0.0 0.0 0.0 0.0 0.0 0.0 0.0 0.0 0.0 0.0 
298908 0 0.0 0.0 0.0 0.0 0.0 0.0 0.0 0.0 0.0 0.0 0.0 0.0 
298918 0 0.0 0.0 0.0 0.0 0.0 0.0 0.0 0.0 0.0 0.0 0.0 0.0 
298928 0 0.0 0.0 0.0 0.0 0.0 0.0 0.0 0.0 0.0 0.0 0.0 0.0 
298938 0 0.0 0.0 0.0 0.0 0.0 0.0 0.0 0.0 0.0 0.0 0.0 0.0 
298948 0 0.0 0.0 0.0 0.0 0.0 0.0 0.0 0.0 0.0 0.0 0.0 0.0 
298958 0 0.0 0.0 0.0 0.0 0.0 0.0 0.0 0.0 0.0 0.0 0.0 0.0 
298968 0 0.0 0.0 0.0 0.0 0.0 0.0 0.0 0.0 0.0 0.0 0.0 0.0 
298978 0 0.0 0.0 0.0 0.0 0.0 0.0 0.0 0.0 0.0 0.0 0.0 0.0 
298988 0 0.0 0.0 0.0 0.0 0.0 0.0 0.0 0.0 0.0 0.0 0.0 0.0 
298998 0 0.0 0.0 0.0 0.0 0.0 0.0 0.0 0.0 0.0 0.0 0.0 0.0 
299008 0 0.0 0.0 0.0 0.0 0.0 0.0 0.0 0.0 0.0 0.0 0.0 0.0 
299018 0 0.0 0.0 0.0 0.0 0.0 0.0 0.0 0.0 0.0 0.0 0.0 0.0 
299028 0 0.0 0.0 0.0 0.0 0.0 0.0 0.0 0.0 0.0 0.0 0.0 0.0 
299038 0 0.0 0.0 0.0 0.0 0.0 0.0 0.0 0.0 0.0 0.0 0.0 0.0 
299048 0 0.0 0.0 0.0 0.0 0.0 0.0 0.0 0.0 0.0 0.0 0.0 0.0 
299058 0 0.0 0.0 0.0 0.0 0.0 0.0 0.0 0.0 0.0 0.0 0.0 0.0 
299068 0 0.0 0.0 0.0 0.0 0.0 0.0 0.0 0.0 0.0 0.0 0.0 0.0 
299078 0 0.0 0.0 0.0 0.0 0.0 0.0 0.0 0.0 0.0 0.0 0.0 0.0 
299088 0 0.0 0.0 0.0 0.0 0.0 0.0 0.0 0.0 0.0 0.0 0.0 0.0 
299098 0 0.0 0.0 0.0 0.0 0.0 0.0 0.0 0.0 0.0 0.0 0.0 0.0 
299108 0 0.0 0.0 0.0 0.0 0.0 0.0 0.0 0.0 0.0 0.0 0.0 0.0 
299118 0 0.0 0.0 0.0 0.0 0.0 0.0 0.0 0.0 0.0 0.0 0.0 0.0 
299128 0 0.0 0.0 0.0 0.0 0.0 0.0 0.0 0.0 0.0 0.0 0.0 0.0 
299138 0 0.0 0.0 0.0 0.0 0.0 0.0 0.0 0.0 0.0 0.0 0.0 0.0 
299148 0 0.0 0.0 0.0 0.0 0.0 0.0 0.0 0.0 0.0 0.0 0.0 0.0 
299158 0 0.0 0.0 0.0 0.0 0.0 0.0 0.0 0.0 0.0 0.0 0.0 0.0 
299168 0 0.0 0.0 0.0 0.0 0.0 0.0 0.0 0.0 0.0 0.0 0.0 0.0 
299178 0 0.0 0.0 0.0 0.0 0.0 0.0 0.0 0.0 0.0 0.0 0.0 0.0 
299188 0 0.0 0.0 0.0 0.0 0.0 0.0 0.0 0.0 0.0 0.0 0.0 0.0 
299198 0 0.0 0.0 0.0 0.0 0.0 0.0 0.0 0.0 0.0 0.0 0.0 0.0 
299208 0 0.0 0.0 0.0 0.0 0.0 0.0 0.0 0.0 0.0 0.0 0.0 0.0 
299218 0 0.0 0.0 0.0 0.0 0.0 0.0 0.0 0.0 0.0 0.0 0.0 0.0 
299228 0 0.0 0.0 0.0 0.0 0.0 0.0 0.0 0.0 0.0 0.0 0.0 0.0 
299238 0 0.0 0.0 0.0 0.0 0.0 0.0 0.0 0.0 0.0 0.0 0.0 0.0 
299248 0 0.0 0.0 0.0 0.0 0.0 0.0 0.0 0.0 0.0 0.0 0.0 0.0 
299258 0 0.0 0.0 0.0 0.0 0.0 0.0 0.0 0.0 0.0 0.0 0.0 0.0 
299268 0 0.0 0.0 0.0 0.0 0.0 0.0 0.0 0.0 0.0 0.0 0.0 0.0 
299278 0 0.0 0.0 0.0 0.0 0.0 0.0 0.0 0.0 0.0 0.0 0.0 0.0 
299288 0 0.0 0.0 0.0 0.0 0.0 0.0 0.0 0.0 0.0 0.0 0.0 0.0 
299298 0 0.0 0.0 0.0 0.0 0.0 0.0 0.0 0.0 0.0 0.0 0.0 0.0 
299308 0 0.0 0.0 0.0 0.0 0.0 0.0 0.0 0.0 0.0 0.0 0.0 0.0 
299318 0 0.0 0.0 0.0 0.0 0.0 0.0 0.0 0.0 0.0 0.0 0.0 0.0 
299328 0 0.0 0.0 0.0 0.0 0.0 0.0 0.0 0.0 0.0 0.0 0.0 0.0 
299338 0 0.0 0.0 0.0 0.0 0.0 0.0 0.0 0.0 0.0 0.0 0.0 0.0 
299348 0 0.0 0.0 0.0 0.0 0.0 0.0 0.0 0.0 0.0 0.0 0.0 0.0 
299358 0 0.0 0.0 0.0 0.0 0.0 0.0 0.0 0.0 0.0 0.0 0.0 0.0 
299368 0 0.0 0.0 0.0 0.0 0.0 0.0 0.0 0.0 0.0 0.0 0.0 0.0 
299378 0 0.0 0.0 0.0 0.0 0.0 0.0 0.0 0.0 0.0 0.0 0.0 0.0 
299388 0 0.0 0.0 0.0 0.0 0.0 0.0 0.0 0.0 0.0 0.0 0.0 0.0 
299398 0 0.0 0.0 0.0 0.0 0.0 0.0 0.0 0.0 0.0 0.0 0.0 0.0 
299408 0 0.0 0.0 0.0 0.0 0.0 0.0 0.0 0.0 0.0 0.0 0.0 0.0 
299418 0 0.0 0.0 0.0 0.0 0.0 0.0 0.0 0.0 0.0 0.0 0.0 0.0 
299428 0 0.0 0.0 0.0 0.0 0.0 0.0 0.0 0.0 0.0 0.0 0.0 0.0 
299438 0 0.0 0.0 0.0 0.0 0.0 0.0 0.0 0.0 0.0 0.0 0.0 0.0 
299448 0 0.0 0.0 0.0 0.0 0.0 0.0 0.0 0.0 0.0 0.0 0.0 0.0 
299458 0 0.0 0.0 0.0 0.0 0.0 0.0 0.0 0.0 0.0 0.0 0.0 0.0 
299468 0 0.0 0.0 0.0 0.0 0.0 0.0 0.0 0.0 0.0 0.0 0.0 0.0 
299478 0 0.0 0.0 0.0 0.0 0.0 0.0 0.0 0.0 0.0 0.0 0.0 0.0 
299488 0 0.0 0.0 0.0 0.0 0.0 0.0 0.0 0.0 0.0 0.0 0.0 0.0 
299498 0 0.0 0.0 0.0 0.0 0.0 0.0 0.0 0.0 0.0 0.0 0.0 0.0 
299508 0 0.0 0.0 0.0 0.0 0.0 0.0 0.0 0.0 0.0 0.0 0.0 0.0 
299518 0 0.0 0.0 0.0 0.0 0.0 0.0 0.0 0.0 0.0 0.0 0.0 0.0 
299528 0 0.0 0.0 0.0 0.0 0.0 0.0 0.0 0.0 0.0 0.0 0.0 0.0 
299538 0 0.0 0.0 0.0 0.0 0.0 0.0 0.0 0.0 0.0 0.0 0.0 0.0 
299548 0 0.0 0.0 0.0 0.0 0.0 0.0 0.0 0.0 0.0 0.0 0.0 0.0 
299558 0 0.0 0.0 0.0 0.0 0.0 0.0 0.0 0.0 0.0 0.0 0.0 0.0 
299569 0 0.0 0.0 0.0 0.0 0.0 0.0 0.0 0.0 0.0 0.0 0.0 0.0 
299578 0 0.0 0.0 0.0 0.0 0.0 0.0 0.0 0.0 0.0 0.0 0.0 0.0 
299588 0 0.0 0.0 0.0 0.0 0.0 0.0 0.0 0.0 0.0 0.0 0.0 0.0 
299598 0 0.0 0.0 0.0 0.0 0.0 0.0 0.0 0.0 0.0 0.0 0.0 0.0 
299608 0 0.0 0.0 0.0 0.0 0.0 0.0 0.0 0.0 0.0 0.0 0.0 0.0 
299619 0 0.0 0.0 0.0 0.0 0.0 0.0 0.0 0.0 0.0 0.0 0.0 0.0 
299628 0 0.0 0.0 0.0 0.0 0.0 0.0 0.0 0.0 0.0 0.0 0.0 0.0 
299638 0 0.0 0.0 0.0 0.0 0.0 0.0 0.0 0.0 0.0 0.0 0.0 0.0 
299648 0 0.0 0.0 0.0 0.0 0.0 0.0 0.0 0.0 0.0 0.0 0.0 0.0 
299658 0 0.0 0.0 0.0 0.0 0.0 0.0 0.0 0.0 0.0 0.0 0.0 0.0 
299668 0 0.0 0.0 0.0 0.0 0.0 0.0 0.0 0.0 0.0 0.0 0.0 0.0 
299678 0 0.0 0.0 0.0 0.0 0.0 0.0 0.0 0.0 0.0 0.0 0.0 0.0 
299688 0 0.0 0.0 0.0 0.0 0.0 0.0 0.0 0.0 0.0 0.0 0.0 0.0 
299698 0 0.0 0.0 0.0 0.0 0.0 0.0 0.0 0.0 0.0 0.0 0.0 0.0 
299708 0 0.0 0.0 0.0 0.0 0.0 0.0 0.0 0.0 0.0 0.0 0.0 0.0 
299719 0 0.0 0.0 0.0 0.0 0.0 0.0 0.0 0.0 0.0 0.0 0.0 0.0 
299728 0 0.0 0.0 0.0 0.0 0.0 0.0 0.0 0.0 0.0 0.0 0.0 0.0 
299738 0 0.0 0.0 0.0 0.0 0.0 0.0 0.0 0.0 0.0 0.0 0.0 0.0 
299748 0 0.0 0.0 0.0 0.0 0.0 0.0 0.0 0.0 0.0 0.0 0.0 0.0 
299758 0 0.0 0.0 0.0 0.0 0.0 0.0 0.0 0.0 0.0 0.0 0.0 0.0 
299769 0 0.0 0.0 0.0 0.0 0.0 0.0 0.0 0.0 0.0 0.0 0.0 0.0 
299779 0 476.0552546596876 -2667.746550451961 91.93485879382864 -0.4867655927320176 -0.8707523513303846 -0.06963907225727652 0.8683681262236834 -0.47369154615197084 -0.14680979689014154 0.09484753603028874 -0.13193430849010376 0.9867103339644431 
299788 0 485.2233325779564 -2660.9201198989927 93.74407073471433 -0.46290650952927953 -0.8836125459588635 -0.0703308755776185 0.8818222831990945 -0.4510007942985126 -0.13779602460030155 0.09003901537086684 -0.1258060100559833 0.9879604362244669 
299798 0 495.3340783335093 -2654.3356113008585 95.35961452678575 -0.45394206240290097 -0.8872140140910759 -0.08238869571610474 0.8871149609477255 -0.4413511111039315 -0.1350416335432915 0.08344848736865318 -0.1343893222236248 0.9874086590810099 
299808 0 503.6647949704925 -2649.250699171117 95.30597489116721 -0.43442320672160484 -0.8968061647743647 -0.08375667307392787 0.8968043973881236 -0.42201681868590146 -0.13282950565125093 0.083775594817599 -0.1328175725155599 0.9875936118384077 
299819 0 510.7433219338346 -2643.411354552913 93.77508872090952 -0.41077176397342996 -0.9070842990868494 -0.09200343619819872 0.907351457285181 -0.3968217547770546 -0.13872933322883646 0.08933023499697708 -0.14046554483494672 0.9860474328497624 
299828 0 523.3097147889439 -2634.8365252445797 98.9895611265083 -0.3996959224441821 -0.9097407120294917 -0.1123165457871991 0.9131250720082563 -0.38442778936592886 -0.1357124814935673 0.08028556813905707 -0.15680277943741516 0.9843612730645643 
299838 0 531.673821140736 -2628.5918401268245 101.12825781207434 -0.3854804688947065 -0.9155949297189879 -0.11441474019373044 0.919903760335309 -0.3716660970662644 -0.12506551887905998 0.07198527503368723 -0.15346086460205988 0.9855292401618092 
299848 0 541.6710364372345 -2622.3971257442217 102.39331373759835 -0.3742739003306093 -0.9198194884668844 -0.11769093494331781 0.9246606431469682 -0.36058178360321735 -0.12240699468804028 0.07015513200293011 -0.1546379189268972 0.9854772303222485 
299858 0 552.3408119903603 -2616.0377439647746 105.10487844333804 -0.3648549735122097 -0.9222556255592137 -0.1277709255965078 0.9288657004207727 -0.35112425949396564 -0.11798417256836535 0.06394809524319159 -0.16172914245490155 0.9847610499992222 
299869 0 560.9674920657746 -2609.6694099505366 106.60891568695556 -0.3412127486777892 -0.9304521558976923 -0.13353892962385366 0.9376935669704828 -0.32701228511152536 -0.11744675324721121 0.06560971423440837 -0.1652929247471746 0.9840597616133914 
299878 0 569.6720098373839 -2602.6858209326133 107.83652050418297 -0.32169081483586215 -0.936120000147544 -0.14210687870050814 0.9440753839335574 -0.3056462335722258 -0.12370145251296893 0.07236497150517644 -0.17395322712405836 0.982091434476536 
299888 0 579.4081679376529 -2597.6784561476193 108.77257308383751 -0.3110428261671186 -0.9392156269154737 -0.14534911918462196 0.9480456485657369 -0.29587487603917734 -0.11690810906165813 0.06679677032269418 -0.17416102861023539 0.982449045797227 
299898 0 584.8077183597234 -2593.8672240196142 108.08202973066898 -0.30450810362427866 -0.9400511052208388 -0.15355368572660522 0.9513519422274058 -0.2922137565375374 -0.0976760078543518 0.04694993980068698 -0.17582673307350138 0.9833009016010368 
299909 0 596.6431260128061 -2583.4149810046997 116.00646090944764 -0.2945222880983024 -0.9358317296317437 -0.19358614523720252 0.9548887574026578 -0.28013277111739404 -0.09855501779258952 0.03800108944949447 -0.21387988301976513 0.9761205421668486 
299919 0 616.4848964283055 -2573.4241827124815 129.019417752256 -0.32139102444372897 -0.9254028240370024 -0.2008417851726858 0.9468905093170222 -0.3117526808785007 -0.07879485598957563 0.010304017292333462 -0.21549913974169022 0.9764496648564283 
299928 0 624.7087630029741 -2568.660662688327 130.67419236029582 -0.3087390150446637 -0.9277322913818821 -0.20974512179446198 0.9511467114848796 -0.30122965141785524 -0.06768035415227 -3.9219988551866813E-4 -0.2203939487236439 0.9754108639672054 
299938 0 588.931678862243 -2586.3467714259837 90.08238864174962 -0.28086891238319284 -0.9380743670229497 -0.20280319521934184 0.9585162596695691 -0.2848690712098426 -0.0098077631038207 -0.04857194669499468 -0.19714485588656314 0.9791703997730553 
299948 0 561.1465302784178 -2602.9162114381666 56.64197176228552 -0.25603428663571487 -0.9452449096520289 -0.20238207638985287 0.9620404913248654 -0.2696220003591479 0.04221457063317233 -0.09446976827722217 -0.18389137472774322 0.9783963538272147 
299958 0 554.2120687287174 -2608.3838190760903 42.042513849238304 -0.23986636006174802 -0.947408603365883 -0.21185152248458072 0.964331919852739 -0.25768422321748174 0.06052098361670327 -0.11192889557151037 -0.18977823735378618 0.9754261340373405 
299968 0 554.9791246036957 -2608.6183609999675 36.27796030468288 -0.21596448933543805 -0.9503469095101108 -0.2240537679456978 0.9667926623346611 -0.24024627772126753 0.08714168977552153 -0.13664291932603423 -0.19779402828613593 0.9706730834696105 
299978 0 543.5332204181497 -2616.5791410232687 19.16942804782991 -0.19725506619452182 -0.9522079909420145 -0.23321745399255014 0.9678744297310553 -0.22698790233182156 0.1081461070394299 -0.15591512798115262 -0.20439284278362557 0.9663922799181749 
299989 0 586.7865039080255 -2573.852549787183 72.97686744744968 0.14712151932138062 -0.9877421974876928 0.052159465629474745 0.9866635826809469 0.14283925449851123 -0.07805076543832049 0.06964361538408825 0.06294679242418366 0.9955839834789129 
299998 0 588.36144185536 -2572.848919706559 72.35999596295679 0.1545356304131141 -0.9871846497603177 0.039814648189079746 0.986685015460259 0.15213821702575364 -0.057503418910643936 0.050709162870330615 0.04817084385625267 0.9975510766888915 
300008 0 587.4425332139756 -2571.7735591106416 70.97123313449599 0.15842438705555587 -0.9864764829534379 0.04202216279402049 0.9867255542237959 0.15663860176869368 -0.04286057719736725 0.035698658627661375 0.048254502543952686 0.9981969288454166 
300019 0 585.4162835727947 -2571.832980049655 68.46361215647482 0.1566550722033659 -0.9863322820524162 0.051066796788431984 0.9875664947969119 0.15574596866097087 -0.02134506032778309 0.013099874331421495 0.053775669471692045 0.9984671104575114 
300028 0 586.7084082813992 -2570.0134963781247 68.11647073551067 0.1456078709224639 -0.9890578441876409 0.02372612012789741 0.9893022605567804 0.14534411569657557 -0.012495010589226519 0.008909836287582157 0.025291676165821547 0.9996404083139356 
300038 0 586.6647123162858 -2569.395864641868 68.14979857540933 0.14545968486201555 -0.989231729585753 0.01618842983808591 0.9893586514281102 0.1453846998830013 -0.0057225767169003594 0.00330740444975936 0.01684856731918629 0.9998525825615978 
300048 0 586.7532284474516 -2569.4925433541935 68.24253112313274 0.14592610497920613 -0.9891642084760788 0.01611646845590053 0.9892929051045996 0.14586909814693633 -0.0046641307337016305 0.002262696466455167 0.016624526329847365 0.9998592427582038 
300058 0 586.8346070387473 -2569.1051439938824 68.11192534875266 0.14764481071228489 -0.9888856547247521 0.017497764123788354 0.9890401537315384 0.14763533062578318 -0.0018394177639831817 -7.6431435177861E-4 0.017577571806533944 0.9998452104165714 
300069 0 586.3898210532773 -2569.0931795657903 67.83425917463973 0.14622787035217769 -0.9891180708135008 0.016212708670827667 0.989242828185092 0.1462733770153038 0.0016510787077865085 -0.0040045994340543 0.01579687205484708 0.9998672021906987 
300078 0 586.2407799596705 -2568.8487910073113 67.63788507509229 0.14707777270523145 -0.9890420293055554 0.012805976855251488 0.9891131720465395 0.1471268266246916 0.00297149312311567 -0.004823034325096224 0.012229519798295604 0.9999135848589127 
300088 0 586.1755384408093 -2568.9841113460548 67.74940732289814 0.14756182553194894 -0.9888900973199147 0.017941099974308226 0.9890158618324582 0.14768887423883237 0.005968372463763443 -0.008551765284344457 0.016863328517105196 0.9998212317518795 
300098 0 634.8522876422032 -2535.4258786160713 118.14592140740953 0.22612735881236787 -0.9739459135350544 -0.017198113411375178 0.9730106904329318 0.22667366911660608 -0.04323475491366457 0.046006672339693154 -0.0069573872670190134 0.9989169038827226 
300108 0 625.8238826145762 -2541.570484038669 109.32138042878029 0.211254250535489 -0.9774305758949557 -0.001054009650910806 0.9769829904703131 0.21118991817481395 -0.030050870087231698 0.029595235467438693 0.00531862453748606 0.9995478148996457 
300119 0 611.6023267666056 -2550.447954364152 94.94467774131677 0.19747293571936472 -0.9802678938825989 0.008904823487807988 0.9802126476210627 0.1973185954863799 -0.015765066412433547 0.013696901185367136 0.011841794553856502 0.9998360699633027 
300128 0 0.0 0.0 0.0 0.0 0.0 0.0 0.0 0.0 0.0 0.0 0.0 0.0 
300138 0 0.0 0.0 0.0 0.0 0.0 0.0 0.0 0.0 0.0 0.0 0.0 0.0 
300148 0 0.0 0.0 0.0 0.0 0.0 0.0 0.0 0.0 0.0 0.0 0.0 0.0 
300158 0 0.0 0.0 0.0 0.0 0.0 0.0 0.0 0.0 0.0 0.0 0.0 0.0 
300169 0 0.0 0.0 0.0 0.0 0.0 0.0 0.0 0.0 0.0 0.0 0.0 0.0 
300178 0 0.0 0.0 0.0 0.0 0.0 0.0 0.0 0.0 0.0 0.0 0.0 0.0 
300188 0 0.0 0.0 0.0 0.0 0.0 0.0 0.0 0.0 0.0 0.0 0.0 0.0 
300198 0 0.0 0.0 0.0 0.0 0.0 0.0 0.0 0.0 0.0 0.0 0.0 0.0 
300208 0 0.0 0.0 0.0 0.0 0.0 0.0 0.0 0.0 0.0 0.0 0.0 0.0 
300219 0 0.0 0.0 0.0 0.0 0.0 0.0 0.0 0.0 0.0 0.0 0.0 0.0 
300228 0 0.0 0.0 0.0 0.0 0.0 0.0 0.0 0.0 0.0 0.0 0.0 0.0 
300238 0 0.0 0.0 0.0 0.0 0.0 0.0 0.0 0.0 0.0 0.0 0.0 0.0 
300248 0 0.0 0.0 0.0 0.0 0.0 0.0 0.0 0.0 0.0 0.0 0.0 0.0 
300258 0 0.0 0.0 0.0 0.0 0.0 0.0 0.0 0.0 0.0 0.0 0.0 0.0 
300269 0 0.0 0.0 0.0 0.0 0.0 0.0 0.0 0.0 0.0 0.0 0.0 0.0 
300278 0 0.0 0.0 0.0 0.0 0.0 0.0 0.0 0.0 0.0 0.0 0.0 0.0 
300288 0 0.0 0.0 0.0 0.0 0.0 0.0 0.0 0.0 0.0 0.0 0.0 0.0 
300298 0 0.0 0.0 0.0 0.0 0.0 0.0 0.0 0.0 0.0 0.0 0.0 0.0 
300308 0 0.0 0.0 0.0 0.0 0.0 0.0 0.0 0.0 0.0 0.0 0.0 0.0 
300319 0 0.0 0.0 0.0 0.0 0.0 0.0 0.0 0.0 0.0 0.0 0.0 0.0 
300328 0 0.0 0.0 0.0 0.0 0.0 0.0 0.0 0.0 0.0 0.0 0.0 0.0 
300338 0 0.0 0.0 0.0 0.0 0.0 0.0 0.0 0.0 0.0 0.0 0.0 0.0 
300348 0 0.0 0.0 0.0 0.0 0.0 0.0 0.0 0.0 0.0 0.0 0.0 0.0 
300358 0 0.0 0.0 0.0 0.0 0.0 0.0 0.0 0.0 0.0 0.0 0.0 0.0 
300369 0 0.0 0.0 0.0 0.0 0.0 0.0 0.0 0.0 0.0 0.0 0.0 0.0 
300378 0 0.0 0.0 0.0 0.0 0.0 0.0 0.0 0.0 0.0 0.0 0.0 0.0 
300388 0 0.0 0.0 0.0 0.0 0.0 0.0 0.0 0.0 0.0 0.0 0.0 0.0 
300398 0 0.0 0.0 0.0 0.0 0.0 0.0 0.0 0.0 0.0 0.0 0.0 0.0 
300408 0 0.0 0.0 0.0 0.0 0.0 0.0 0.0 0.0 0.0 0.0 0.0 0.0 
300418 0 0.0 0.0 0.0 0.0 0.0 0.0 0.0 0.0 0.0 0.0 0.0 0.0 
300428 0 0.0 0.0 0.0 0.0 0.0 0.0 0.0 0.0 0.0 0.0 0.0 0.0 
300438 0 0.0 0.0 0.0 0.0 0.0 0.0 0.0 0.0 0.0 0.0 0.0 0.0 
300448 0 0.0 0.0 0.0 0.0 0.0 0.0 0.0 0.0 0.0 0.0 0.0 0.0 
300458 0 0.0 0.0 0.0 0.0 0.0 0.0 0.0 0.0 0.0 0.0 0.0 0.0 
300469 0 0.0 0.0 0.0 0.0 0.0 0.0 0.0 0.0 0.0 0.0 0.0 0.0 
300478 0 0.0 0.0 0.0 0.0 0.0 0.0 0.0 0.0 0.0 0.0 0.0 0.0 
300488 0 0.0 0.0 0.0 0.0 0.0 0.0 0.0 0.0 0.0 0.0 0.0 0.0 
300498 0 0.0 0.0 0.0 0.0 0.0 0.0 0.0 0.0 0.0 0.0 0.0 0.0 
300508 0 0.0 0.0 0.0 0.0 0.0 0.0 0.0 0.0 0.0 0.0 0.0 0.0 
300518 0 0.0 0.0 0.0 0.0 0.0 0.0 0.0 0.0 0.0 0.0 0.0 0.0 
300528 0 0.0 0.0 0.0 0.0 0.0 0.0 0.0 0.0 0.0 0.0 0.0 0.0 
300538 0 0.0 0.0 0.0 0.0 0.0 0.0 0.0 0.0 0.0 0.0 0.0 0.0 
300548 0 0.0 0.0 0.0 0.0 0.0 0.0 0.0 0.0 0.0 0.0 0.0 0.0 
300558 0 0.0 0.0 0.0 0.0 0.0 0.0 0.0 0.0 0.0 0.0 0.0 0.0 
300568 0 0.0 0.0 0.0 0.0 0.0 0.0 0.0 0.0 0.0 0.0 0.0 0.0 
300578 0 0.0 0.0 0.0 0.0 0.0 0.0 0.0 0.0 0.0 0.0 0.0 0.0 
300588 0 0.0 0.0 0.0 0.0 0.0 0.0 0.0 0.0 0.0 0.0 0.0 0.0 
300598 0 0.0 0.0 0.0 0.0 0.0 0.0 0.0 0.0 0.0 0.0 0.0 0.0 
300608 0 0.0 0.0 0.0 0.0 0.0 0.0 0.0 0.0 0.0 0.0 0.0 0.0 
300618 0 0.0 0.0 0.0 0.0 0.0 0.0 0.0 0.0 0.0 0.0 0.0 0.0 
300628 0 0.0 0.0 0.0 0.0 0.0 0.0 0.0 0.0 0.0 0.0 0.0 0.0 
300638 0 0.0 0.0 0.0 0.0 0.0 0.0 0.0 0.0 0.0 0.0 0.0 0.0 
300648 0 0.0 0.0 0.0 0.0 0.0 0.0 0.0 0.0 0.0 0.0 0.0 0.0 
300658 0 0.0 0.0 0.0 0.0 0.0 0.0 0.0 0.0 0.0 0.0 0.0 0.0 
300669 0 0.0 0.0 0.0 0.0 0.0 0.0 0.0 0.0 0.0 0.0 0.0 0.0 
300678 0 0.0 0.0 0.0 0.0 0.0 0.0 0.0 0.0 0.0 0.0 0.0 0.0 
300688 0 0.0 0.0 0.0 0.0 0.0 0.0 0.0 0.0 0.0 0.0 0.0 0.0 
300698 0 0.0 0.0 0.0 0.0 0.0 0.0 0.0 0.0 0.0 0.0 0.0 0.0 
300708 0 0.0 0.0 0.0 0.0 0.0 0.0 0.0 0.0 0.0 0.0 0.0 0.0 
300719 0 589.412928755948 -2471.322495040402 172.20164401860052 0.1696759438903773 -0.9493193137085324 0.26458063928577685 0.5423302211884965 0.3141110955370595 0.7792381862089053 -0.8228535746112706 0.011272101865627604 0.5681416500037512 
300729 0 591.6789442760698 -2456.7029729595597 179.73333734479166 0.18035671500903502 -0.9547373667013772 0.23653332952307066 0.526078051852872 0.29682321676977297 0.7969553697322902 -0.8310916548190317 -0.019301259299956464 0.5558004342204125 
300739 0 593.8850815308673 -2439.2948104230263 187.32819559194405 0.1967917968690206 -0.947745981887803 0.25109867084591675 0.5271438782276564 0.318217611964428 0.7879447208292993 -0.8266754625197047 -0.02269593027793032 0.5622211081208632 
300749 0 597.7794792480117 -2419.3868194616957 193.71467317072288 0.20453800056208532 -0.9486313458320248 0.24137683408104033 0.5277549619932096 0.314552021475354 0.7890067971046351 -0.8244021509054975 -0.033994050813196064 0.5649827414104786 
300759 0 599.8927126170883 -2399.9405092122224 197.24419487819233 0.21455035865653832 -0.9451064866198501 0.24645866296284658 0.5380784339415375 0.32496265505723926 0.7777344480895598 -0.8151317332354159 -0.03424911337878628 0.5782622724209092 
300769 0 602.0716798174664 -2379.0626270204402 198.76209394051253 0.22724765905202504 -0.939455070307401 0.2564813293966853 0.5519989817721348 0.3412379601242055 0.7608244072667474 -0.8022815126736382 -0.031318132830479184 0.5961237698482685 
300779 0 606.759490013126 -2356.6443088740984 201.07140780343525 0.24018640430305369 -0.9426412492817979 0.23181450847697416 0.5636059128729143 0.3298501270861508 0.7573290359123561 -0.7903536336113467 -0.051248110342736075 0.6105036977968601 
300789 0 610.139924032482 -2334.521230249536 200.53538340721383 0.25371519138047943 -0.9390539302071805 0.23196188873436585 0.5774133142324096 0.33942890343387905 0.7425509302807577 -0.7760299389907009 -0.05445856843621599 0.6283405112786908 
300799 0 614.7297221059371 -2310.178023178874 200.41691081056518 0.2719775374576697 -0.9386163048393121 0.2121971993412201 0.5912278961825534 0.3369695337139835 0.732735360225049 -0.7592613475569618 -0.07383065513982795 0.6465842872105773 
300809 0 619.616682097671 -2286.534200624834 197.6547401852006 0.2875626427945266 -0.9338881067897605 0.21251054201065944 0.6042517779097244 0.3490516333366589 0.7162700232160687 -0.7430932077215916 -0.07756262799600955 0.6646777590504951 
300819 0 624.7130099840156 -2262.0993851402477 194.67689659353985 0.30397773158148217 -0.9309472075436459 0.20232359098549096 0.6205688568719897 0.35462835706617923 0.6993804560074113 -0.7228359651976155 -0.0870403649534533 0.6855159679289764 
300829 0 629.5287464802834 -2238.003912332121 189.3960125045159 0.3237841156036064 -0.9233807645290176 0.2062324178702199 0.6373589154578662 0.37396630991947116 0.6737379401010355 -0.6992406305193963 -0.08670157289819252 0.7096093135576902 
300839 0 635.0250575945328 -2212.0564249831464 184.08963508557244 0.34296209602262434 -0.9185491176629197 0.1965820926036757 0.6523049923814834 0.383474260742183 0.653793306988095 -0.6759254379041828 -0.09599484251202339 0.7306913114339945 
300849 0 640.5661226971611 -2185.925578113723 178.08900753342022 0.3614212927634406 -0.9117402821978352 0.19520324524714053 0.6700517890346619 0.3995564166820198 0.6256079202660987 -0.6483866509642625 -0.0953117396024023 0.7553214038707707 
300859 0 647.0274104979993 -2158.7791577898192 171.9506186777139 0.3758582512541428 -0.9067197243606485 0.19128490902192724 0.6885307355414304 0.4114050415143266 0.59721965643419 -0.6202064182020002 -0.09276439657511137 0.7789343782046734 
300869 0 653.5656173680165 -2130.900782893712 164.7438642800092 0.39131066130855063 -0.9017509523969229 0.18363329272631204 0.7076124563289405 0.4224147577408261 0.5664365666964685 -0.5883541263511188 -0.09171146217350282 0.803385604620602 
300879 0 661.5830874930301 -2102.1365803932918 158.03478667205025 0.4056157542877378 -0.8992799499272068 0.16361977732691796 0.7263336310001534 0.4257834555251235 0.5395812315854013 -0.5549011771042867 -0.10002010127972213 0.8258817487923266 
300889 0 668.6294770214384 -2073.214120412112 150.19001207828043 0.41769815305196706 -0.8939689251103535 0.16232009695048447 0.7459143763162821 0.4394045015232313 0.5005351408700619 -0.5187870431512989 -0.08799570999861192 0.8503627219488004 
300899 0 676.2337723355964 -2043.2129565101034 142.5912782927281 0.4246459545534345 -0.8926486729678914 0.15117592377777925 0.7657065601244845 0.4431983795687793 0.4661208642937339 -0.4830830954025732 -0.08217994278575991 0.8717093437264496 
300909 0 684.384060929036 -2012.9272263286468 134.89030142071874 0.42970005946616324 -0.891743342273357 0.1419565792977481 0.7840949288385658 0.44645895041603845 0.4311259075526005 -0.4478314431395142 -0.07394739417012205 0.8910548700450653 
300919 0 692.9793775271759 -1982.1230841758832 127.40790536900097 0.4356473609806282 -0.8908881482675091 0.12856781925156413 0.8018851007242025 0.4490091028760987 0.3941714230774938 -0.40889077038635857 -0.0686231215472573 0.9099995632317415 
300929 0 701.7017301628875 -1950.7887527065257 119.87874070940892 0.4397279481649149 -0.890219904118227 0.11894475152106862 0.817369457032463 0.4515480662649159 0.3577869681289018 -0.3722183530041615 -0.06010712240783067 0.926196864345113 
300939 0 710.7149839909291 -1918.9958562151785 112.55937830087194 0.44417508577739584 -0.8896169648486466 0.10625511295050599 0.8310516904138429 0.45340996756119406 0.3221373762487847 -0.33475600223885027 -0.05478190549477732 0.9407110936921197 
300949 0 719.9808196807675 -1886.7892291360552 105.5358119642489 0.44899834539925576 -0.8886611629304495 0.09317630239407294 0.8432713623361616 0.45591273464981563 0.28466996302356995 -0.2954554032209337 -0.04924343492515415 0.9540865730238152 
300959 0 729.5528974449556 -1854.3833859871513 99.66504347495649 0.4550510558344088 -0.8866209815995679 0.08265453146324343 0.8528993347172061 0.4606483694198618 0.245694535123941 -0.25591260504894386 -0.04130756272453087 0.9658169722254948 
300969 0 738.9020647240558 -1821.551561263391 93.90175519419908 0.45986612748323913 -0.8849323135350927 0.07360669300408501 0.8609167202077489 0.46462365286706064 0.2072372120619309 -0.21759031609954943 -0.031932141454927426 0.9755177049555794 
300979 0 749.0085134733465 -1788.7789983903476 89.54657674559022 0.46669198633584963 -0.8826693689202787 0.0556181180891291 0.8671083267521289 0.4690329175181198 0.16772379664664216 -0.1741313859332163 -0.030048418499444493 0.9842638634932503 
300989 0 758.3401147665937 -1755.4788070736995 85.1836301785514 0.4720191418768888 -0.879815038024046 0.055887642359932634 0.8720635399270843 0.4752738003394494 0.11670474300875497 -0.12924052008425146 -0.006349297413373638 0.9915929479331267 
300999 0 767.6036701883662 -1722.0788116775275 81.82925502973978 0.4755948476529048 -0.8783557007451763 0.047966695263073386 0.8755197542150779 0.47793680074845424 0.0710040454446226 -0.08529185696876317 0.008226631071260329 0.996322047169507 
301009 0 777.0610421209582 -1689.1272570644624 79.49958366850504 0.4779679344374965 -0.8777109602707962 0.034207073392354015 0.8772452823390442 0.4789663269324893 0.032124325342182354 -0.04457990874198424 0.014653596327066976 0.9988983451038647 
301019 0 785.8455200285014 -1655.7309289922564 77.35340086326522 0.4827603548788925 -0.875518839418663 0.020228731552003998 0.8757490540757236 0.4825648605717048 -0.013955272368763181 0.002456428847135615 0.024452344762994963 0.9996979787880489 
301029 0 794.9218391184598 -1623.3290373072996 77.11171434216291 0.48196327380175535 -0.8761305866351685 0.010324624381049596 0.8750301501390372 0.4806846061793522 -0.05713620332027007 0.04509588732853992 0.03657190922711907 0.9983130052250823 
301039 0 803.8334774408179 -1590.8610155339193 77.2856059322121 0.48160802689380366 -0.8763849370961556 -0.0017749542035478058 0.8715321504721485 0.4791521437282774 -0.10413901216157517 0.09211633473412728 0.04860725451579845 0.9945611673917228 
301049 0 812.5606006934565 -1559.88271562084 78.80207172145217 0.47816198137172333 -0.8781818003393134 -0.012563642921936548 0.8674986788984469 0.4744821346318735 -0.14937451598124105 0.1371392054815729 0.060526270891100575 0.9887008692480754 
301059 0 821.1005965041286 -1529.2790424502596 80.81038230554887 0.4725248814471097 -0.880964725638656 -0.024927667235471726 0.8619980452872879 0.46787159458939664 -0.19507829427506795 0.18352004341294625 0.07069174744468226 0.9804708412333982 
301069 0 829.146469161834 -1500.2473787256304 83.75214727114599 0.46598316665908696 -0.883813903577927 -0.04162537967053884 0.8538785807421793 0.4615309140163776 -0.24058384142940434 0.23184274355711734 0.07656500016034742 0.9697353984517398 
301079 0 836.3706127042728 -1472.6484141200176 87.0537568059028 0.457552578785663 -0.8876485997846106 -0.05220728825566126 0.8449133811523097 0.4523178203633007 -0.28553452984107636 0.2770686124344678 0.08653642402025234 0.9569453648570674 
301089 0 842.7548444183425 -1446.7507958838682 90.61490164652677 0.4473374892625327 -0.8918635161715268 -0.06684788121140442 0.8374864991329457 0.4439459462933108 -0.31863515270569137 0.31385591355004905 0.08655325119195362 0.9455173188460202 
301099 0 847.7117501702194 -1422.828416379121 93.71318112240294 0.4390646512319691 -0.8946996380072192 -0.08206576501989321 0.8278248134666824 0.4383565500738162 -0.3500708688483442 0.3491823452687751 0.08576766731777691 0.9331214267154437 
301109 0 851.5365058066205 -1400.8700754152935 96.40101108654329 0.43105414202692954 -0.8982840859817319 -0.08531135629792891 0.8196582043364397 0.4293417815222625 -0.3792440674595362 0.377296640198917 0.09354857300490668 0.9213554741701786 
301120 0 854.6085233383561 -1381.1651725579866 98.36343864187081 0.42609418720477193 -0.9016303535836456 -0.07420545213752802 0.8097834802709925 0.41668501187895496 -0.4130669630406605 0.40335401164548257 0.11591508259094382 0.907672427099904 
301129 0 856.6655476170768 -1363.9458561134265 98.84297843155623 0.42115599786415325 -0.9049158397474956 -0.06127763406932654 0.8060040531830256 0.40439083050999514 -0.4322331806467092 0.4159147649646303 0.13264757507591812 0.8996774583765534 
301139 0 857.5920556773731 -1348.443611514777 97.04743873353452 0.4167233402789378 -0.9074257574767763 -0.05403843386390261 0.8049484598602095 0.3959767102083286 -0.44188281471592217 0.4223738091258042 0.1406447284482718 0.8954437032690947 
301149 0 857.5252232273043 -1335.7631922296423 94.63877472316386 0.4119801570153312 -0.9103039221873347 -0.04023828371063934 0.8082803831658719 0.38548043085626216 -0.44507039849455465 0.4206604003407669 0.15083635727909003 0.8945910914534754 
301159 0 855.9352767361647 -1325.9978359472711 91.73988875616875 0.3983882966626652 -0.916986521107695 -0.02055444450787161 0.8296675829702506 0.36982600116737835 -0.41818707611408634 0.3910734801166178 0.14954748064528925 0.9081283412503566 
301170 0 854.0055136813013 -1319.1976558497847 88.22917234180635 0.3814720047090492 -0.9243322320663668 -0.009435803435170087 0.8565816582533464 0.3573117111379307 -0.3722851109400308 0.3474866506316555 0.13393381144017377 0.9280704508742326 
301179 0 851.4873539963245 -1313.3248674408358 83.36446960444125 0.36252716646843136 -0.9319727811985243 8.880751417985333E-4 0.8857163323067399 0.3442371266268916 -0.31146007663384095 0.2899666054177048 0.11369932170751344 0.9502588236821505 
301189 0 849.4120789593068 -1308.1638468376193 78.52360812018567 0.3427019091680969 -0.9394316877750222 -0.0048482426418588465 0.9090642790917465 0.33291694215374196 -0.25053631694108736 0.23697581718805066 0.08145190992957083 0.9680950616736355 
301199 0 847.815712609616 -1302.9579216618895 73.90077804496565 0.31938626770036327 -0.9475277483074231 0.013549102992312378 0.9304580103264382 0.3108592216639366 -0.1939444129792281 0.17955584931657825 0.07455005361470851 0.9809189500066997 
301209 0 847.0686904543486 -1298.6219615373182 68.64577119876466 0.30639852867919753 -0.951713337987762 0.019017463537882306 0.9421461361220997 0.30034420705362846 -0.14884225031732373 0.13594336987665365 0.06352227629358755 0.9886780672195881 
301220 0 847.3551664390702 -1295.6436069959543 64.06307928012818 0.301340252564084 -0.9532947066604651 0.020573148464731933 0.9492794934694568 0.29789954604700897 -0.10061959920093845 0.08979139971615083 0.04985040338978035 0.9947122407102925 
301229 0 848.2807839332454 -1293.953536556818 60.21289705566372 0.3054791704617409 -0.9517219341472278 0.030130324874889744 0.9506700500871796 0.30304369244395724 -0.06626444247989588 0.05393451845753164 0.04888640437782277 0.9973470745862556 
301239 0 849.4781717364607 -1293.0113957622261 57.540808279711904 0.3131213937471051 -0.9489920972511748 0.036999893684807425 0.9492324436171994 0.3114859683583137 -0.04398021714821285 0.030211930795477696 0.04889264638675507 0.9983470079921656 
301249 0 849.539048864918 -1292.3932788531358 56.45491948551722 0.3117273795341137 -0.9494061262517803 0.03813198505694764 0.9499993807136824 0.31065578343584915 -0.03153031654580725 0.018089153999417115 0.04605422514218925 0.9987751452925417 
301259 0 849.0768658159687 -1291.8627881227521 55.73539925103613 0.3085332864356565 -0.9508622974802543 0.025847676719295262 0.9511239339847193 0.30801731334142934 -0.022104227725906814 0.013056544820287353 0.031404233990017544 0.9994214830214806 
301269 0 848.5841606105007 -1291.0893472280134 54.303161487423566 0.3063516526317734 -0.9517944018530389 0.015364944874521294 0.9519144586374044 0.30626394573161336 -0.007826811736611008 0.0027437869520444006 0.017023869892572045 0.9998513186904554 
301279 0 848.7733062041061 -1290.7812179715231 53.939940658401795 0.306821238657813 -0.9516952794718975 0.011697116712786 0.9517658962860233 0.3068176889568329 -0.002141123548770184 -0.0015511851431446455 0.011789858951460069 0.9999292940256108 
301289 0 848.9448881230718 -1290.6442279203516 53.702100870613805 0.30761554084810255 -0.9515058966017447 0.0030344292443995474 0.9514964533814538 0.30762683216589176 0.004497925532176235 -0.005213274522227402 0.0015036168688082518 0.9999852803441995 
301299 0 848.90432875849 -1290.5083949223524 53.41312604028779 0.3076687814912827 -0.9514930958541109 8.996875173630523E-4 0.9514431762972807 0.30766209155606766 0.00999598402797384 -0.009787909532223877 -0.0022194506764981175 0.9999496341644831 
301309 0 848.2422127720414 -1290.2233144672389 53.44335664783354 0.30398474181547674 -0.9526580801858576 0.005988238470010094 0.9526096287784959 0.3040319687626561 0.009972819500999475 -0.01132130301131969 0.0026728686647697463 0.9999323396466515 
301319 0 848.2805997395258 -1290.1317679273182 53.4667961971699 0.3043400425266843 -0.9525404447811808 0.006621145741212763 0.9524684564981122 0.30440050437444693 0.012007177548710406 -0.013452802345977104 0.0026521675385819954 0.9999059896392197 
301329 0 848.3113255451206 -1290.0557081141885 53.39399062277576 0.3049442833658129 -0.9523495801541388 0.006265877651725784 0.9522536079513426 0.30500329701700635 0.013640196201184382 -0.014901348467899565 0.0018072047452983115 0.9998873355657862 
301339 0 848.3545435133742 -1290.0304480225573 53.42725207091276 0.305175956369488 -0.9522678555622878 0.0073189423259401995 0.9521428347224462 0.3052556960310314 0.015587890406190606 -0.017077995803758936 0.0022116291308988114 0.9998517143836453 
301349 0 848.3970582558752 -1289.9327163119926 53.41513053605849 0.3053761203671602 -0.9522039628726853 0.007282732938637728 0.9520474780967483 0.3054585552285775 0.017339852574101502 -0.018735649418239436 0.0016383306210645404 0.9998231300153309 
301359 0 848.4479679847888 -1289.860163760346 53.45395473320626 0.30578024991574143 -0.9520732765509717 0.007410454706955962 0.9518938901035418 0.3058668867562939 0.018532932028118662 -0.019911322030772522 0.00138696197121084 0.9998007879530189 
301370 0 848.4942582996499 -1289.9512635963567 53.51500196904496 0.3055808730896154 -0.9521201637388574 0.009355415740606821 0.9518821284442829 0.3057149401673163 0.02141935822745529 -0.023253893226085957 0.002359906859484945 0.999726806327331 
301379 0 848.6918435583171 -1289.9736906281066 53.83122073086899 0.3027611128664761 -0.9529175570687834 0.016847491383427678 0.9526394701743252 0.30310727479579586 0.02457681492477889 -0.028526275639028334 0.008608681427935572 0.999555972520918 
301389 0 848.66906232967 -1289.952195502717 53.831514117595205 0.30346466975325737 -0.952714068192981 0.01565562131397668 0.9523926150782048 0.30378532927622137 0.0257445229327785 -0.02928311725286513 0.007097744974141543 0.9995459574528012 
301399 0 848.551940809368 -1289.8638019055584 53.88211347090804 0.30573856326734056 -0.9520303400636003 0.012734305226746019 0.9516713906115752 0.30597707972927546 0.02644978207424558 -0.029077400548413138 0.004032155593495528 0.9995690303819025 
301409 0 848.4542004735582 -1289.6906291767414 53.9696186829014 0.3055965234522401 -0.9520929304260853 0.011393712589583918 0.9516345732717945 0.30580355848556073 0.029594299643307072 -0.03166076132556038 0.0017987357331716563 0.9994970538936312 
301420 0 848.2913965255651 -1289.5643883989746 53.95619355708698 0.30491506747970887 -0.952301454949346 0.012195922482666719 0.9517475258899752 0.3051541867427135 0.03252029021555641 -0.0346907564944247 0.0016915125632878704 0.9993966630918341 
301429 0 848.3965679196957 -1289.5640230396364 54.26865092812465 0.30577758914854225 -0.9520387163658115 0.011061126300845199 0.9513813239657058 0.30597744427608947 0.035374849872945716 -0.037062681821020176 -2.934873259909515E-4 0.999312899687292 
301439 0 848.3524625061144 -1289.5185964043696 54.39709698119313 0.3064762880695842 -0.9518059663671725 0.011734020578737804 0.9510563882248553 0.3067005536498704 0.037769257439835544 -0.03954783518453104 -4.156665923348221E-4 0.9992175918955297 
301449 0 848.5981232970562 -1289.488710531841 54.649378084251374 0.30910604661265806 -0.9509445389069369 0.012567253899183825 0.9501622342532083 0.30936141244585685 0.03856481671751713 -0.04056082526828707 2.0312009382381785E-5 0.9991770709143488 
301459 0 848.5701828479338 -1289.3265795876516 54.674615434174726 0.3103798611056209 -0.9505516389935252 0.01076677420487613 0.9496784208566967 0.3105569568447927 0.04080776291874756 -0.042133582558176036 -0.0024409346621445983 0.9991090045929867 
301470 0 848.6028590226449 -1289.1845383977281 54.7876302015354 0.31094351238400053 -0.9503475824146924 0.0123937365168958 0.9493419255391294 0.3111849901110732 0.043747118113414266 -0.04543171271214271 -0.0018369888732882762 0.9989657576473383 
301479 0 848.7546970327394 -1289.0481577065536 55.14983612036035 0.3121806523805521 -0.9499682071982382 0.010180647907576296 0.9486723863148175 0.3122901808640509 0.04995544394405904 -0.050635399899700076 -0.0059370235357050945 0.9986995584401416 
301489 0 848.701213235506 -1288.5369899470302 55.20175660641116 0.3137907347774841 -0.949366358671702 0.015456124683756813 0.9479446180976674 0.31416680406796643 0.05196364345759076 -0.05418833626781944 -0.001654159651658823 0.9985293625970008 
301499 0 848.3235727644114 -1288.2276058479706 55.39432295733089 0.3119103524170028 -0.9498240381778552 0.023371532996642616 0.948122836484305 0.31275403503913707 0.056991231814149945 -0.06144118319219648 0.004382928957932703 0.9981010825270616 
301509 0 848.3108959963155 -1288.0004021933617 55.69724507132804 0.31185275626134185 -0.9496999648126466 0.028597818921414286 0.9478166398699105 0.3130516560617575 0.060351286835522676 -0.06626820955719682 0.008284773494126464 0.9977674513283317 
