% timestampLocal timestampVicon translation[3] rotation[9]
1280759652054 0 0.0 0.0 0.0 0.0 0.0 0.0 0.0 0.0 0.0 0.0 0.0 0.0 
1280759652061 0 0.0 0.0 0.0 0.0 0.0 0.0 0.0 0.0 0.0 0.0 0.0 0.0 
1280759652071 0 0.0 0.0 0.0 0.0 0.0 0.0 0.0 0.0 0.0 0.0 0.0 0.0 
1280759652081 0 0.0 0.0 0.0 0.0 0.0 0.0 0.0 0.0 0.0 0.0 0.0 0.0 
1280759652091 0 0.0 0.0 0.0 0.0 0.0 0.0 0.0 0.0 0.0 0.0 0.0 0.0 
1280759652101 0 0.0 0.0 0.0 0.0 0.0 0.0 0.0 0.0 0.0 0.0 0.0 0.0 
1280759652112 0 0.0 0.0 0.0 0.0 0.0 0.0 0.0 0.0 0.0 0.0 0.0 0.0 
1280759652122 0 0.0 0.0 0.0 0.0 0.0 0.0 0.0 0.0 0.0 0.0 0.0 0.0 
1280759652132 0 0.0 0.0 0.0 0.0 0.0 0.0 0.0 0.0 0.0 0.0 0.0 0.0 
1280759652141 0 0.0 0.0 0.0 0.0 0.0 0.0 0.0 0.0 0.0 0.0 0.0 0.0 
1280759652151 0 0.0 0.0 0.0 0.0 0.0 0.0 0.0 0.0 0.0 0.0 0.0 0.0 
1280759652162 0 0.0 0.0 0.0 0.0 0.0 0.0 0.0 0.0 0.0 0.0 0.0 0.0 
1280759652172 0 0.0 0.0 0.0 0.0 0.0 0.0 0.0 0.0 0.0 0.0 0.0 0.0 
1280759652181 0 0.0 0.0 0.0 0.0 0.0 0.0 0.0 0.0 0.0 0.0 0.0 0.0 
1280759652192 0 0.0 0.0 0.0 0.0 0.0 0.0 0.0 0.0 0.0 0.0 0.0 0.0 
1280759652201 0 0.0 0.0 0.0 0.0 0.0 0.0 0.0 0.0 0.0 0.0 0.0 0.0 
1280759652211 0 0.0 0.0 0.0 0.0 0.0 0.0 0.0 0.0 0.0 0.0 0.0 0.0 
1280759652222 0 0.0 0.0 0.0 0.0 0.0 0.0 0.0 0.0 0.0 0.0 0.0 0.0 
1280759652231 0 0.0 0.0 0.0 0.0 0.0 0.0 0.0 0.0 0.0 0.0 0.0 0.0 
1280759652242 0 0.0 0.0 0.0 0.0 0.0 0.0 0.0 0.0 0.0 0.0 0.0 0.0 
1280759652252 0 0.0 0.0 0.0 0.0 0.0 0.0 0.0 0.0 0.0 0.0 0.0 0.0 
1280759652262 0 0.0 0.0 0.0 0.0 0.0 0.0 0.0 0.0 0.0 0.0 0.0 0.0 
1280759652272 0 0.0 0.0 0.0 0.0 0.0 0.0 0.0 0.0 0.0 0.0 0.0 0.0 
1280759652281 0 0.0 0.0 0.0 0.0 0.0 0.0 0.0 0.0 0.0 0.0 0.0 0.0 
1280759652292 0 0.0 0.0 0.0 0.0 0.0 0.0 0.0 0.0 0.0 0.0 0.0 0.0 
1280759652302 0 0.0 0.0 0.0 0.0 0.0 0.0 0.0 0.0 0.0 0.0 0.0 0.0 
1280759652312 0 0.0 0.0 0.0 0.0 0.0 0.0 0.0 0.0 0.0 0.0 0.0 0.0 
1280759652322 0 0.0 0.0 0.0 0.0 0.0 0.0 0.0 0.0 0.0 0.0 0.0 0.0 
1280759652331 0 0.0 0.0 0.0 0.0 0.0 0.0 0.0 0.0 0.0 0.0 0.0 0.0 
1280759652341 0 0.0 0.0 0.0 0.0 0.0 0.0 0.0 0.0 0.0 0.0 0.0 0.0 
1280759652351 0 0.0 0.0 0.0 0.0 0.0 0.0 0.0 0.0 0.0 0.0 0.0 0.0 
1280759652362 0 0.0 0.0 0.0 0.0 0.0 0.0 0.0 0.0 0.0 0.0 0.0 0.0 
1280759652372 0 0.0 0.0 0.0 0.0 0.0 0.0 0.0 0.0 0.0 0.0 0.0 0.0 
1280759652382 0 0.0 0.0 0.0 0.0 0.0 0.0 0.0 0.0 0.0 0.0 0.0 0.0 
1280759652391 0 0.0 0.0 0.0 0.0 0.0 0.0 0.0 0.0 0.0 0.0 0.0 0.0 
1280759652402 0 0.0 0.0 0.0 0.0 0.0 0.0 0.0 0.0 0.0 0.0 0.0 0.0 
1280759652412 0 0.0 0.0 0.0 0.0 0.0 0.0 0.0 0.0 0.0 0.0 0.0 0.0 
1280759652422 0 0.0 0.0 0.0 0.0 0.0 0.0 0.0 0.0 0.0 0.0 0.0 0.0 
1280759652431 0 0.0 0.0 0.0 0.0 0.0 0.0 0.0 0.0 0.0 0.0 0.0 0.0 
1280759652441 0 0.0 0.0 0.0 0.0 0.0 0.0 0.0 0.0 0.0 0.0 0.0 0.0 
1280759652451 0 0.0 0.0 0.0 0.0 0.0 0.0 0.0 0.0 0.0 0.0 0.0 0.0 
1280759652461 0 0.0 0.0 0.0 0.0 0.0 0.0 0.0 0.0 0.0 0.0 0.0 0.0 
1280759652472 0 0.0 0.0 0.0 0.0 0.0 0.0 0.0 0.0 0.0 0.0 0.0 0.0 
1280759652482 0 0.0 0.0 0.0 0.0 0.0 0.0 0.0 0.0 0.0 0.0 0.0 0.0 
1280759652491 0 0.0 0.0 0.0 0.0 0.0 0.0 0.0 0.0 0.0 0.0 0.0 0.0 
1280759652501 0 0.0 0.0 0.0 0.0 0.0 0.0 0.0 0.0 0.0 0.0 0.0 0.0 
1280759652511 0 0.0 0.0 0.0 0.0 0.0 0.0 0.0 0.0 0.0 0.0 0.0 0.0 
1280759652522 0 0.0 0.0 0.0 0.0 0.0 0.0 0.0 0.0 0.0 0.0 0.0 0.0 
1280759652531 0 0.0 0.0 0.0 0.0 0.0 0.0 0.0 0.0 0.0 0.0 0.0 0.0 
1280759652542 0 0.0 0.0 0.0 0.0 0.0 0.0 0.0 0.0 0.0 0.0 0.0 0.0 
1280759652551 0 0.0 0.0 0.0 0.0 0.0 0.0 0.0 0.0 0.0 0.0 0.0 0.0 
1280759652561 0 0.0 0.0 0.0 0.0 0.0 0.0 0.0 0.0 0.0 0.0 0.0 0.0 
1280759652572 0 0.0 0.0 0.0 0.0 0.0 0.0 0.0 0.0 0.0 0.0 0.0 0.0 
1280759652581 0 0.0 0.0 0.0 0.0 0.0 0.0 0.0 0.0 0.0 0.0 0.0 0.0 
1280759652591 0 0.0 0.0 0.0 0.0 0.0 0.0 0.0 0.0 0.0 0.0 0.0 0.0 
1280759652602 0 0.0 0.0 0.0 0.0 0.0 0.0 0.0 0.0 0.0 0.0 0.0 0.0 
1280759652611 0 0.0 0.0 0.0 0.0 0.0 0.0 0.0 0.0 0.0 0.0 0.0 0.0 
1280759652622 0 0.0 0.0 0.0 0.0 0.0 0.0 0.0 0.0 0.0 0.0 0.0 0.0 
1280759652632 0 0.0 0.0 0.0 0.0 0.0 0.0 0.0 0.0 0.0 0.0 0.0 0.0 
1280759652641 0 0.0 0.0 0.0 0.0 0.0 0.0 0.0 0.0 0.0 0.0 0.0 0.0 
1280759652651 0 0.0 0.0 0.0 0.0 0.0 0.0 0.0 0.0 0.0 0.0 0.0 0.0 
1280759652661 0 0.0 0.0 0.0 0.0 0.0 0.0 0.0 0.0 0.0 0.0 0.0 0.0 
1280759652671 0 0.0 0.0 0.0 0.0 0.0 0.0 0.0 0.0 0.0 0.0 0.0 0.0 
1280759652681 0 0.0 0.0 0.0 0.0 0.0 0.0 0.0 0.0 0.0 0.0 0.0 0.0 
1280759652692 0 0.0 0.0 0.0 0.0 0.0 0.0 0.0 0.0 0.0 0.0 0.0 0.0 
1280759652701 0 0.0 0.0 0.0 0.0 0.0 0.0 0.0 0.0 0.0 0.0 0.0 0.0 
1280759652711 0 0.0 0.0 0.0 0.0 0.0 0.0 0.0 0.0 0.0 0.0 0.0 0.0 
1280759652722 0 0.0 0.0 0.0 0.0 0.0 0.0 0.0 0.0 0.0 0.0 0.0 0.0 
1280759652731 0 0.0 0.0 0.0 0.0 0.0 0.0 0.0 0.0 0.0 0.0 0.0 0.0 
1280759652741 0 0.0 0.0 0.0 0.0 0.0 0.0 0.0 0.0 0.0 0.0 0.0 0.0 
1280759652751 0 0.0 0.0 0.0 0.0 0.0 0.0 0.0 0.0 0.0 0.0 0.0 0.0 
1280759652762 0 0.0 0.0 0.0 0.0 0.0 0.0 0.0 0.0 0.0 0.0 0.0 0.0 
1280759652772 0 0.0 0.0 0.0 0.0 0.0 0.0 0.0 0.0 0.0 0.0 0.0 0.0 
1280759652782 0 0.0 0.0 0.0 0.0 0.0 0.0 0.0 0.0 0.0 0.0 0.0 0.0 
1280759652791 0 0.0 0.0 0.0 0.0 0.0 0.0 0.0 0.0 0.0 0.0 0.0 0.0 
1280759652801 0 0.0 0.0 0.0 0.0 0.0 0.0 0.0 0.0 0.0 0.0 0.0 0.0 
1280759652811 0 0.0 0.0 0.0 0.0 0.0 0.0 0.0 0.0 0.0 0.0 0.0 0.0 
1280759652821 0 0.0 0.0 0.0 0.0 0.0 0.0 0.0 0.0 0.0 0.0 0.0 0.0 
1280759652831 0 0.0 0.0 0.0 0.0 0.0 0.0 0.0 0.0 0.0 0.0 0.0 0.0 
1280759652841 0 0.0 0.0 0.0 0.0 0.0 0.0 0.0 0.0 0.0 0.0 0.0 0.0 
1280759652851 0 0.0 0.0 0.0 0.0 0.0 0.0 0.0 0.0 0.0 0.0 0.0 0.0 
1280759652861 0 0.0 0.0 0.0 0.0 0.0 0.0 0.0 0.0 0.0 0.0 0.0 0.0 
1280759652872 0 0.0 0.0 0.0 0.0 0.0 0.0 0.0 0.0 0.0 0.0 0.0 0.0 
1280759652881 0 0.0 0.0 0.0 0.0 0.0 0.0 0.0 0.0 0.0 0.0 0.0 0.0 
1280759652891 0 0.0 0.0 0.0 0.0 0.0 0.0 0.0 0.0 0.0 0.0 0.0 0.0 
1280759652901 0 0.0 0.0 0.0 0.0 0.0 0.0 0.0 0.0 0.0 0.0 0.0 0.0 
1280759652911 0 0.0 0.0 0.0 0.0 0.0 0.0 0.0 0.0 0.0 0.0 0.0 0.0 
1280759652922 0 0.0 0.0 0.0 0.0 0.0 0.0 0.0 0.0 0.0 0.0 0.0 0.0 
1280759652931 0 0.0 0.0 0.0 0.0 0.0 0.0 0.0 0.0 0.0 0.0 0.0 0.0 
1280759652941 0 0.0 0.0 0.0 0.0 0.0 0.0 0.0 0.0 0.0 0.0 0.0 0.0 
1280759652952 0 0.0 0.0 0.0 0.0 0.0 0.0 0.0 0.0 0.0 0.0 0.0 0.0 
1280759652961 0 0.0 0.0 0.0 0.0 0.0 0.0 0.0 0.0 0.0 0.0 0.0 0.0 
1280759652972 0 0.0 0.0 0.0 0.0 0.0 0.0 0.0 0.0 0.0 0.0 0.0 0.0 
1280759652981 0 0.0 0.0 0.0 0.0 0.0 0.0 0.0 0.0 0.0 0.0 0.0 0.0 
1280759652991 0 0.0 0.0 0.0 0.0 0.0 0.0 0.0 0.0 0.0 0.0 0.0 0.0 
1280759653001 0 0.0 0.0 0.0 0.0 0.0 0.0 0.0 0.0 0.0 0.0 0.0 0.0 
1280759653011 0 0.0 0.0 0.0 0.0 0.0 0.0 0.0 0.0 0.0 0.0 0.0 0.0 
1280759653022 0 0.0 0.0 0.0 0.0 0.0 0.0 0.0 0.0 0.0 0.0 0.0 0.0 
1280759653031 0 0.0 0.0 0.0 0.0 0.0 0.0 0.0 0.0 0.0 0.0 0.0 0.0 
1280759653042 0 0.0 0.0 0.0 0.0 0.0 0.0 0.0 0.0 0.0 0.0 0.0 0.0 
1280759653052 0 0.0 0.0 0.0 0.0 0.0 0.0 0.0 0.0 0.0 0.0 0.0 0.0 
1280759653062 0 0.0 0.0 0.0 0.0 0.0 0.0 0.0 0.0 0.0 0.0 0.0 0.0 
1280759653072 0 0.0 0.0 0.0 0.0 0.0 0.0 0.0 0.0 0.0 0.0 0.0 0.0 
1280759653081 0 0.0 0.0 0.0 0.0 0.0 0.0 0.0 0.0 0.0 0.0 0.0 0.0 
1280759653092 0 0.0 0.0 0.0 0.0 0.0 0.0 0.0 0.0 0.0 0.0 0.0 0.0 
1280759653101 0 0.0 0.0 0.0 0.0 0.0 0.0 0.0 0.0 0.0 0.0 0.0 0.0 
1280759653111 0 0.0 0.0 0.0 0.0 0.0 0.0 0.0 0.0 0.0 0.0 0.0 0.0 
1280759653122 0 0.0 0.0 0.0 0.0 0.0 0.0 0.0 0.0 0.0 0.0 0.0 0.0 
1280759653131 0 0.0 0.0 0.0 0.0 0.0 0.0 0.0 0.0 0.0 0.0 0.0 0.0 
1280759653142 0 0.0 0.0 0.0 0.0 0.0 0.0 0.0 0.0 0.0 0.0 0.0 0.0 
1280759653152 0 0.0 0.0 0.0 0.0 0.0 0.0 0.0 0.0 0.0 0.0 0.0 0.0 
1280759653161 0 0.0 0.0 0.0 0.0 0.0 0.0 0.0 0.0 0.0 0.0 0.0 0.0 
1280759653172 0 0.0 0.0 0.0 0.0 0.0 0.0 0.0 0.0 0.0 0.0 0.0 0.0 
1280759653181 0 0.0 0.0 0.0 0.0 0.0 0.0 0.0 0.0 0.0 0.0 0.0 0.0 
1280759653192 0 0.0 0.0 0.0 0.0 0.0 0.0 0.0 0.0 0.0 0.0 0.0 0.0 
1280759653201 0 0.0 0.0 0.0 0.0 0.0 0.0 0.0 0.0 0.0 0.0 0.0 0.0 
1280759653211 0 0.0 0.0 0.0 0.0 0.0 0.0 0.0 0.0 0.0 0.0 0.0 0.0 
1280759653222 0 0.0 0.0 0.0 0.0 0.0 0.0 0.0 0.0 0.0 0.0 0.0 0.0 
1280759653231 0 0.0 0.0 0.0 0.0 0.0 0.0 0.0 0.0 0.0 0.0 0.0 0.0 
1280759653241 0 0.0 0.0 0.0 0.0 0.0 0.0 0.0 0.0 0.0 0.0 0.0 0.0 
1280759653251 0 0.0 0.0 0.0 0.0 0.0 0.0 0.0 0.0 0.0 0.0 0.0 0.0 
1280759653262 0 0.0 0.0 0.0 0.0 0.0 0.0 0.0 0.0 0.0 0.0 0.0 0.0 
1280759653272 0 0.0 0.0 0.0 0.0 0.0 0.0 0.0 0.0 0.0 0.0 0.0 0.0 
1280759653281 0 0.0 0.0 0.0 0.0 0.0 0.0 0.0 0.0 0.0 0.0 0.0 0.0 
1280759653292 0 0.0 0.0 0.0 0.0 0.0 0.0 0.0 0.0 0.0 0.0 0.0 0.0 
1280759653301 0 0.0 0.0 0.0 0.0 0.0 0.0 0.0 0.0 0.0 0.0 0.0 0.0 
1280759653311 0 0.0 0.0 0.0 0.0 0.0 0.0 0.0 0.0 0.0 0.0 0.0 0.0 
1280759653322 0 0.0 0.0 0.0 0.0 0.0 0.0 0.0 0.0 0.0 0.0 0.0 0.0 
1280759653331 0 0.0 0.0 0.0 0.0 0.0 0.0 0.0 0.0 0.0 0.0 0.0 0.0 
1280759653341 0 0.0 0.0 0.0 0.0 0.0 0.0 0.0 0.0 0.0 0.0 0.0 0.0 
1280759653351 0 0.0 0.0 0.0 0.0 0.0 0.0 0.0 0.0 0.0 0.0 0.0 0.0 
1280759653361 0 0.0 0.0 0.0 0.0 0.0 0.0 0.0 0.0 0.0 0.0 0.0 0.0 
1280759653372 0 0.0 0.0 0.0 0.0 0.0 0.0 0.0 0.0 0.0 0.0 0.0 0.0 
1280759653381 0 0.0 0.0 0.0 0.0 0.0 0.0 0.0 0.0 0.0 0.0 0.0 0.0 
1280759653392 0 0.0 0.0 0.0 0.0 0.0 0.0 0.0 0.0 0.0 0.0 0.0 0.0 
1280759653401 0 0.0 0.0 0.0 0.0 0.0 0.0 0.0 0.0 0.0 0.0 0.0 0.0 
1280759653411 0 0.0 0.0 0.0 0.0 0.0 0.0 0.0 0.0 0.0 0.0 0.0 0.0 
1280759653422 0 0.0 0.0 0.0 0.0 0.0 0.0 0.0 0.0 0.0 0.0 0.0 0.0 
1280759653431 0 0.0 0.0 0.0 0.0 0.0 0.0 0.0 0.0 0.0 0.0 0.0 0.0 
1280759653441 0 0.0 0.0 0.0 0.0 0.0 0.0 0.0 0.0 0.0 0.0 0.0 0.0 
1280759653451 0 0.0 0.0 0.0 0.0 0.0 0.0 0.0 0.0 0.0 0.0 0.0 0.0 
1280759653462 0 0.0 0.0 0.0 0.0 0.0 0.0 0.0 0.0 0.0 0.0 0.0 0.0 
1280759653472 0 0.0 0.0 0.0 0.0 0.0 0.0 0.0 0.0 0.0 0.0 0.0 0.0 
1280759653482 0 0.0 0.0 0.0 0.0 0.0 0.0 0.0 0.0 0.0 0.0 0.0 0.0 
1280759653491 0 0.0 0.0 0.0 0.0 0.0 0.0 0.0 0.0 0.0 0.0 0.0 0.0 
1280759653501 0 0.0 0.0 0.0 0.0 0.0 0.0 0.0 0.0 0.0 0.0 0.0 0.0 
1280759653512 0 0.0 0.0 0.0 0.0 0.0 0.0 0.0 0.0 0.0 0.0 0.0 0.0 
1280759653522 0 0.0 0.0 0.0 0.0 0.0 0.0 0.0 0.0 0.0 0.0 0.0 0.0 
1280759653532 0 0.0 0.0 0.0 0.0 0.0 0.0 0.0 0.0 0.0 0.0 0.0 0.0 
1280759653542 0 0.0 0.0 0.0 0.0 0.0 0.0 0.0 0.0 0.0 0.0 0.0 0.0 
1280759653551 0 0.0 0.0 0.0 0.0 0.0 0.0 0.0 0.0 0.0 0.0 0.0 0.0 
1280759653562 0 0.0 0.0 0.0 0.0 0.0 0.0 0.0 0.0 0.0 0.0 0.0 0.0 
1280759653572 0 0.0 0.0 0.0 0.0 0.0 0.0 0.0 0.0 0.0 0.0 0.0 0.0 
1280759653581 0 0.0 0.0 0.0 0.0 0.0 0.0 0.0 0.0 0.0 0.0 0.0 0.0 
1280759653591 0 0.0 0.0 0.0 0.0 0.0 0.0 0.0 0.0 0.0 0.0 0.0 0.0 
1280759653601 0 0.0 0.0 0.0 0.0 0.0 0.0 0.0 0.0 0.0 0.0 0.0 0.0 
1280759653611 0 0.0 0.0 0.0 0.0 0.0 0.0 0.0 0.0 0.0 0.0 0.0 0.0 
1280759653622 0 0.0 0.0 0.0 0.0 0.0 0.0 0.0 0.0 0.0 0.0 0.0 0.0 
1280759653631 0 0.0 0.0 0.0 0.0 0.0 0.0 0.0 0.0 0.0 0.0 0.0 0.0 
1280759653641 0 0.0 0.0 0.0 0.0 0.0 0.0 0.0 0.0 0.0 0.0 0.0 0.0 
1280759653651 0 0.0 0.0 0.0 0.0 0.0 0.0 0.0 0.0 0.0 0.0 0.0 0.0 
1280759653661 0 0.0 0.0 0.0 0.0 0.0 0.0 0.0 0.0 0.0 0.0 0.0 0.0 
1280759653672 0 0.0 0.0 0.0 0.0 0.0 0.0 0.0 0.0 0.0 0.0 0.0 0.0 
1280759653682 0 0.0 0.0 0.0 0.0 0.0 0.0 0.0 0.0 0.0 0.0 0.0 0.0 
1280759653692 0 0.0 0.0 0.0 0.0 0.0 0.0 0.0 0.0 0.0 0.0 0.0 0.0 
1280759653702 0 0.0 0.0 0.0 0.0 0.0 0.0 0.0 0.0 0.0 0.0 0.0 0.0 
1280759653712 0 0.0 0.0 0.0 0.0 0.0 0.0 0.0 0.0 0.0 0.0 0.0 0.0 
1280759653722 0 0.0 0.0 0.0 0.0 0.0 0.0 0.0 0.0 0.0 0.0 0.0 0.0 
1280759653731 0 0.0 0.0 0.0 0.0 0.0 0.0 0.0 0.0 0.0 0.0 0.0 0.0 
1280759653742 0 0.0 0.0 0.0 0.0 0.0 0.0 0.0 0.0 0.0 0.0 0.0 0.0 
1280759653751 0 0.0 0.0 0.0 0.0 0.0 0.0 0.0 0.0 0.0 0.0 0.0 0.0 
1280759653761 0 0.0 0.0 0.0 0.0 0.0 0.0 0.0 0.0 0.0 0.0 0.0 0.0 
1280759653772 0 0.0 0.0 0.0 0.0 0.0 0.0 0.0 0.0 0.0 0.0 0.0 0.0 
1280759653781 0 0.0 0.0 0.0 0.0 0.0 0.0 0.0 0.0 0.0 0.0 0.0 0.0 
1280759653791 0 0.0 0.0 0.0 0.0 0.0 0.0 0.0 0.0 0.0 0.0 0.0 0.0 
1280759653802 0 0.0 0.0 0.0 0.0 0.0 0.0 0.0 0.0 0.0 0.0 0.0 0.0 
1280759653812 0 0.0 0.0 0.0 0.0 0.0 0.0 0.0 0.0 0.0 0.0 0.0 0.0 
1280759653822 0 0.0 0.0 0.0 0.0 0.0 0.0 0.0 0.0 0.0 0.0 0.0 0.0 
1280759653831 0 0.0 0.0 0.0 0.0 0.0 0.0 0.0 0.0 0.0 0.0 0.0 0.0 
1280759653841 0 0.0 0.0 0.0 0.0 0.0 0.0 0.0 0.0 0.0 0.0 0.0 0.0 
1280759653852 0 0.0 0.0 0.0 0.0 0.0 0.0 0.0 0.0 0.0 0.0 0.0 0.0 
1280759653862 0 0.0 0.0 0.0 0.0 0.0 0.0 0.0 0.0 0.0 0.0 0.0 0.0 
1280759653872 0 0.0 0.0 0.0 0.0 0.0 0.0 0.0 0.0 0.0 0.0 0.0 0.0 
1280759653881 0 0.0 0.0 0.0 0.0 0.0 0.0 0.0 0.0 0.0 0.0 0.0 0.0 
1280759653891 0 0.0 0.0 0.0 0.0 0.0 0.0 0.0 0.0 0.0 0.0 0.0 0.0 
1280759653901 0 0.0 0.0 0.0 0.0 0.0 0.0 0.0 0.0 0.0 0.0 0.0 0.0 
1280759653912 0 0.0 0.0 0.0 0.0 0.0 0.0 0.0 0.0 0.0 0.0 0.0 0.0 
1280759653922 0 0.0 0.0 0.0 0.0 0.0 0.0 0.0 0.0 0.0 0.0 0.0 0.0 
1280759653931 0 0.0 0.0 0.0 0.0 0.0 0.0 0.0 0.0 0.0 0.0 0.0 0.0 
1280759653942 0 0.0 0.0 0.0 0.0 0.0 0.0 0.0 0.0 0.0 0.0 0.0 0.0 
1280759653952 0 0.0 0.0 0.0 0.0 0.0 0.0 0.0 0.0 0.0 0.0 0.0 0.0 
1280759653962 0 0.0 0.0 0.0 0.0 0.0 0.0 0.0 0.0 0.0 0.0 0.0 0.0 
1280759653972 0 0.0 0.0 0.0 0.0 0.0 0.0 0.0 0.0 0.0 0.0 0.0 0.0 
1280759653981 0 0.0 0.0 0.0 0.0 0.0 0.0 0.0 0.0 0.0 0.0 0.0 0.0 
1280759653992 0 89.61463399860493 -2770.144408491744 85.65438199732091 -0.9845198218413448 -0.11984948198275958 0.1278937921478246 0.10829621234148173 -0.9896856720408395 -0.09377740105996102 0.13781382657039704 -0.07847529691269903 0.9873444064664002 
1280759654002 0 91.10438269878418 -2763.9650443521427 85.50059317479737 -0.9801489410613273 -0.1547023326508519 0.12399694193303279 0.1391183706747431 -0.9822516229783382 -0.1258086964292426 0.14125909626343897 -0.10606100805105388 0.9842748245759568 
1280759654012 0 93.9054177512065 -2756.2649467276797 88.02367313023873 -0.9793001563230046 -0.16865559762538182 0.11192181742343273 0.15792710278198338 -0.9825053657729487 -0.09870276811849389 0.12661056050988703 -0.0789841478841775 0.9888029481905797 
1280759654022 0 95.77846655752892 -2749.642433248408 87.25907178713021 -0.9738991128537826 -0.19485631922523577 0.11641105119621696 0.18132574002154034 -0.976393664167967 -0.11737286133639241 0.13653385656406247 -0.09320100552378316 0.9862413896106269 
1280759654032 0 98.16436921598768 -2742.76570346831 87.71428561153985 -0.9686638467519392 -0.21947424218606146 0.11628159361046661 0.20340046823930022 -0.9696402299268082 -0.13574267577854776 0.14254333206351352 -0.10783729190006844 0.9838965987134469 
1280759654042 0 101.10636593731701 -2735.130750981056 89.3721074350407 -0.9665684421597879 -0.23367472219977958 0.1055536395661305 0.2209889230406306 -0.9679590625638758 -0.11924407362131276 0.13003592778206724 -0.09193137334620127 0.987238208377562 
1280759654051 0 104.0644094800405 -2727.5917604873707 89.88479603741334 -0.9597592549510299 -0.26193909865380927 0.10124268433953144 0.2457418102529676 -0.9578687159901417 -0.14865559397813405 0.1359159123481813 -0.1177940215962905 0.9836927534788152 
1280759654062 0 104.5392849481655 -2721.2012744798235 88.54266023678545 -0.9494380302517378 -0.2936682182833905 0.11102434094359297 0.270386155305274 -0.944569937942832 -0.18622287548501365 0.15955799488252706 -0.14678763539526596 0.9762144417924449 
1280759654072 0 103.98480945703764 -2715.658071392386 86.4151518338835 -0.9406302230363606 -0.3252605365667906 0.09705857439118873 0.299915127954911 -0.9303202257364275 -0.21108101195870765 0.15895187804601693 -0.16943984459980527 0.9726378768728051 
1280759654081 0 108.62166721591056 -2706.8195431223226 89.19926290173447 -0.9337420481433102 -0.34187119379405245 0.10606542501195018 0.3190388679539892 -0.9292229620675072 -0.18643735543373577 0.16229598967249073 -0.14024540498824742 0.9767247504368413 
1280759654092 0 109.11118173727711 -2701.4884593819233 88.35397019363782 -0.9260061167028169 -0.36648445852932754 0.09056386412601224 0.3414820937000772 -0.9154506859661833 -0.2129319638904788 0.16094300702789455 -0.16625036306880675 0.9728608149516096 
1280759654102 0 108.78371118974727 -2694.04164217889 86.87381389777593 -0.9088792740306331 -0.4053270790546547 0.0982263926985578 0.37397263253214397 -0.8963122158853674 -0.23826221221931246 0.18461564222602478 -0.1798176038092055 0.9662208308693142 
1280759654111 0 113.22556925007554 -2686.6098776291833 89.92374172840958 -0.9080050036070962 -0.4092733319839506 0.08956703160891366 0.38620294802718885 -0.9005308942462545 -0.1997282940475624 0.16240134346607366 -0.1467632387036892 0.9757491252394845 
1280759654122 0 115.09683317286319 -2679.128219623809 88.70546402196777 -0.8952504892518109 -0.43940029312324247 0.07385082191554654 0.4119985964464904 -0.8794723200224592 -0.23829728248646714 0.16965764946065695 -0.1829093237577618 0.9683803288284846 
1280759654132 0 116.12884365521523 -2672.0593331613086 88.87746237627873 -0.8709993531602055 -0.48335390750012625 0.0879154531289186 0.45066971070328593 -0.8573416554006923 -0.24872092346527092 0.19559381035482756 -0.17701493162770188 0.9645769929516878 
1280759654142 0 119.23058204464986 -2664.248702350967 89.76794149908203 -0.8573622900992277 -0.5081024854498036 0.08222996896229398 0.47485087377854546 -0.842449694392568 -0.2545489345678366 0.1986115585447121 -0.17919368487087095 0.9635575084626972 
1280759654151 0 121.85604909685956 -2656.219756975818 90.22390059127451 -0.8427459873882739 -0.5333976777133651 0.07256802430101125 0.49992070395960675 -0.8254962401361192 -0.26198329579128055 0.19964591278935404 -0.1845071134973376 0.9623401865117065 
1280759654162 0 123.75107681847518 -2648.6786482167317 90.30432082577673 -0.8205409970715225 -0.5682966837552891 0.06124827636442348 0.5297848557622343 -0.7963774084026247 -0.29173794746468573 0.21457045166998295 -0.2069345370368611 0.9545352893693765 
1280759654173 0 126.03296197563198 -2641.6306883666484 91.21859342331437 -0.8076961016557476 -0.5864786814084928 0.060578573963606025 0.552570579165649 -0.7888020080994994 -0.2691786526802162 0.2056520420775043 -0.1839406107186582 0.9611831715743884 
1280759654182 0 128.34776269797916 -2634.316687892253 92.3692671344868 -0.7896698114877833 -0.6105623147484384 0.06029302309453051 0.5753218390512506 -0.7710442843369503 -0.27293862515592615 0.21313462960189217 -0.18084349974591016 0.9601402284375523 
1280759654192 0 129.06158406474367 -2625.6801802283735 90.75475075118219 -0.7563742558877824 -0.653250902134675 0.03407702877946807 0.612872600184199 -0.7259059995855787 -0.31216607072057134 0.22865948695311633 -0.21522950222006063 0.9494161892449705 
1280759654202 0 131.4716929777788 -2619.1054143805845 92.73280051276585 -0.7407336143236729 -0.6695694951054787 0.054684584986836565 0.6314723731852447 -0.7217364363797564 -0.2834416312146913 0.2292517273975995 -0.17542293928116792 0.957429077195367 
1280759654212 0 133.672569259673 -2612.1988508913923 92.5191143092078 -0.7222479219105695 -0.6902668592825506 0.04346955569208531 0.65337879579037 -0.7015632794946198 -0.28443824299183096 0.22683493669933152 -0.1770328439611064 0.9577083499957866 
1280759654223 0 135.56830338579292 -2605.3030761073733 93.72192182351962 -0.6987028293560241 -0.7138000922631802 0.0479977555200464 0.6749378052666453 -0.6799351182502678 -0.28661331788986766 0.23721997232891393 -0.167862036372343 0.9568432585712249 
1280759654231 0 135.99786419160367 -2599.628798827402 92.4688287634014 -0.6817601578572029 -0.7300583268534472 0.04709486755971483 0.6940867456967618 -0.665825284962968 -0.27371569073047547 0.2311853728214669 -0.15392052915685983 0.9606569596362023 
1280759654242 0 137.43810608939924 -2592.4736590844104 92.42810053993247 -0.655950824062986 -0.7536456047145489 0.04179496268130303 0.7184828362292693 -0.64039866554266 -0.271425796885862 0.23132429715668554 -0.14801301181187476 0.9615514639785762 
1280759654252 0 138.19843709028927 -2586.913381809897 90.74996135850982 -0.6339408991771859 -0.7731899840167443 0.017210025177426855 0.7355901197054723 -0.6096851666125056 -0.29528151551421283 0.23880140732857918 -0.17453150497508463 0.9552552756352731 
1280759654261 0 149.41100845082156 -2577.0690382907346 99.33459259758318 -0.6291873607435581 -0.7765204837253309 0.03375208786925604 0.7470828736908922 -0.6161750438109963 -0.24939024684673464 0.2144538293393575 -0.13169758441025012 0.967814704032849 
1280759654272 0 150.55353029081223 -2570.8246181423747 99.55618408808792 -0.587491585855532 -0.8080202167584709 0.04423760683565099 0.774575402575657 -0.5773180328127829 -0.2583347338511357 0.23427885579733998 -0.11750412034806249 0.9650420713251401 
1280759654282 0 149.2178878462014 -2566.279214364817 97.41292001706918 -0.5542965610256075 -0.8307856838826618 0.05050217708973212 0.796963451025989 -0.5472696842898164 -0.2556269750751482 0.24000954181850928 -0.10144476385177474 0.9654555296455273 
1280759654292 0 142.93033236073882 -2563.270451361197 90.7197516815997 -0.48804664092672473 -0.8692696044548601 0.07861826156200202 0.8295436814298046 -0.489974144472292 -0.2679227843027394 0.271418048184028 -0.06554153278293288 0.9602273431851623 
1280759654302 0 144.63604682626692 -2558.616716583307 90.4324833878236 -0.46441839247331634 -0.8828356669010837 0.07011948359635217 0.8423965438529595 -0.4647993522067433 -0.27263459995528905 0.27328303942449367 -0.06754811200551963 0.9595590825620899 
1280759654312 0 148.53920258966323 -2554.0481069208067 90.67448691489888 -0.45868126031859174 -0.8875273508348697 0.04366580988125936 0.8503575051583733 -0.45267140099735126 -0.2682922215419641 0.25788294796937505 -0.08592906515919539 0.962347432535408 
1280759654322 0 160.5652165868639 -2546.2604945720786 98.99016012020031 -0.4568578686388456 -0.8878476661526853 0.05483985384737365 0.8586076909421541 -0.4562487842838 -0.23373035723785843 0.2325375688308315 -0.059695632560385264 0.9707536817006989 
1280759654332 0 143.23663425050407 -2551.6461463744436 81.51425710888441 -0.4424394109523216 -0.8959363319091671 0.03931229834682472 0.869125769205793 -0.43918044592368466 -0.22746633425786858 0.22106054586606266 -0.06647273940060364 0.9729920914262246 
1280759654342 0 157.7543208409386 -2542.363289413255 91.82330838285333 -0.4229805293746758 -0.9051145916057606 0.04307026621993794 0.8808542874873404 -0.42186317713614957 -0.21477240044233664 0.21256339286219722 -0.05290591497111595 0.9757139786720187 
1280759654352 0 159.83855337440068 -2540.617391875798 90.71104131372344 -0.4072117809876031 -0.911253483258843 0.06160888469636085 0.8883227449628768 -0.41083629874367644 -0.20517367378934398 0.2122763910719322 -0.028820563547955577 0.9767845765112455 
1280759654362 0 161.78700900128715 -2538.874269091151 89.54344291495089 -0.38706516381860523 -0.9205068632670894 0.05336359841933658 0.9004904481051437 -0.3898229069493169 -0.19275646315748224 0.198236000336654 -0.026555901336014473 0.9797945051258239 
1280759654372 0 163.55836666757293 -2537.967091834084 87.44327009686242 -0.37280274750650183 -0.9267889179805164 0.04561154415394285 0.9094907430147636 -0.37470614154623283 -0.1800608115553961 0.18396929043200877 -0.025643888083481975 0.9825974207079446 
1280759654382 0 165.21654936674312 -2536.0914941369874 84.85674628327128 -0.3537586885144655 -0.9348217457108733 0.031033756566051368 0.9209566858085719 -0.35392380259038736 -0.1630236940584156 0.1633816794044447 -0.029090302611627886 0.9861339569900973 
1280759654392 0 160.64069135838304 -2537.2453072344742 79.92529572156154 -0.33009852326700234 -0.9314988893568865 0.15278999988163808 0.9311324517022683 -0.3479034824894153 -0.10934131999687872 0.15500749118628773 0.10617431892234454 0.9821912704140211 
1280759654402 0 165.2129414526724 -2534.181703628433 80.97335975214345 -0.3164519528431851 -0.9441778209348403 0.09157731158136888 0.9383704505997196 -0.3257195764089994 -0.11561857543327951 0.13899301774914274 0.049345719152511666 0.9890631633107698 
1280759654412 0 162.65535125329023 -2534.5841862264524 76.35017318721825 -0.2878876510068369 -0.9506995423832477 0.11528694856769102 0.9481787964804277 -0.2998647546182761 -0.10506235692506179 0.13445322719330216 0.07906648499841627 0.9877605077382381 
1280759654422 0 162.33904954924608 -2533.6157604042446 73.134278407939 -0.27447508234504414 -0.9576189798393239 0.08734597084682286 0.9542014842831147 -0.28248077093695456 -0.0985096007644172 0.11900822057144755 0.056307224246597176 0.991295384804177 
1280759654432 0 166.70007470082103 -2531.0490705014204 75.84487466892894 -0.29552680715122215 -0.9524050577273994 0.0747563527084713 0.9514012217815554 -0.300501070460529 -0.06734108585878161 0.08660035477737914 0.05122218920883043 0.9949254574515053 
1280759654442 0 166.65349165803852 -2529.943692673632 74.18385563386087 -0.2957020722930314 -0.9527230053354403 0.06985098099678776 0.9526985217864259 -0.29948566303967444 -0.05170942099507241 0.07018412233237557 0.05125634339565572 0.9962163300378792 
1280759654452 0 165.03448900434418 -2529.6081426600113 73.04279139098352 -0.30222987527665013 -0.9511082730164203 0.06364083193974542 0.9513197797699288 -0.3051797514239874 -0.04308127132858788 0.060396846844472316 0.04752233496489501 0.9970425510331693 
1280759654462 0 168.37002086195247 -2528.309285128459 72.17557508985568 -0.30422363962254206 -0.9518513731235893 -0.03777486700904662 0.9517305470478933 -0.3020122240333276 -0.054750181281534596 0.04070556363362881 -0.05260779426264378 0.9977852860571195 
1280759654473 0 168.06426078927564 -2528.08162678075 71.4414323127914 -0.3067768846882545 -0.9507618729717935 -0.04404320519826952 0.9512257140663531 -0.30468820981409034 -0.048319102839783086 0.03252051536993348 -0.05671821315461489 0.9978604413326656 
1280759654482 0 167.02115264446527 -2528.293212018177 70.217790334566 -0.30830671228833845 -0.9503909362197317 -0.04128001343674435 0.9509884987969978 -0.30683264024936585 -0.0384005993890233 0.023829526092407138 -0.05109598055606076 0.9984094122439083 
1280759654492 0 166.3647603890911 -2528.0213631557604 69.5306950396289 -0.3097513935807138 -0.9497835783612911 -0.04433089723913625 0.9506534800506139 -0.30849494914789954 -0.03299738198542498 0.017664513649203236 -0.05236430678865155 0.9984718044752597 
1280759654502 0 166.19628075710813 -2527.8108263202944 69.31436755663987 -0.31016384712033196 -0.9494959519952505 -0.04749552699095466 0.9505581325219862 -0.3089257267341018 -0.03168804282566785 0.015415078197323948 -0.054975744710192426 0.9983686908440841 
1280759654512 0 166.23463853504043 -2527.599774320405 69.13562254227601 -0.3096674573192088 -0.9495452862544997 -0.049697235630526373 0.950758690803605 -0.3085122611017947 -0.02963269497148817 0.012805379294311636 -0.05642635998997397 0.9983246406652555 
1280759654522 0 163.09954064908882 -2528.60334382711 68.65914382660613 -0.3130093485904416 -0.94947201465504 0.022979144498580198 0.9496127958744126 -0.31328381240809827 -0.009422886746032495 0.01614576125701353 0.018871838011881737 0.9996915364868726 
1280759654532 0 163.2295091184799 -2528.573279354106 68.17721955132411 -0.31247093768729106 -0.9496043292579942 0.024769557026729554 0.9498443125979953 -0.31268210123225915 -0.005068075988127979 0.012557664037044884 0.021943596411129973 0.9996803407342165 
1280759654542 0 163.1510381506449 -2528.5671278215564 68.13823141027825 -0.31264076551413067 -0.949570522528441 0.0239076239681396 0.949798117538454 -0.3128303214123944 -0.004552573494965821 0.011802019282623602 0.02128409617723076 0.9997038059299221 
1280759654552 0 162.90763969081388 -2528.6239508641775 68.36894839297887 -0.313451224141165 -0.9492169374659538 0.02712076164418823 0.9495074224840361 -0.31369934549576034 -0.00532684552564046 0.013564097173331022 0.02408165823375418 0.9996179715294164 
1280759654562 0 162.77777435452828 -2528.623464150319 68.27938835814318 -0.31311360657334447 -0.9492828088692599 0.028670859141658622 0.9496272974309262 -0.31335361312648585 -0.0041843893952986065 0.01295628622205107 0.025916441226846845 0.9995801482229763 
1280759654572 0 163.86194341370953 -2528.123158304366 67.91043470394258 -0.3106843548944581 -0.9504620338569333 -0.009856663753844407 0.9504709667700303 -0.3105561806388802 -0.012641202246443163 0.008953934948315595 -0.013295896492270176 0.999871514838486 
1280759654582 0 163.57414117951683 -2528.2642684313546 68.16255166714137 -0.31177806754630244 -0.9501488608827956 -0.003402757737399116 0.9500901997174215 -0.31171301015332703 -0.012791079003040528 0.0110927452870536 -0.007220904671715588 0.999912400932061 
1280759654592 0 162.92800508032715 -2528.5685030350505 68.21949179831722 -0.31247870059910876 -0.9496049621215975 0.02464706039129578 0.9498274207288556 -0.31271293352543367 -0.006204195152265152 0.013598989060302375 0.0214717749605697 0.9996769630118427 
1280759654602 0 163.2537111945132 -2528.4947704603674 67.9219899293669 -0.3122341414215885 -0.9496665653265334 0.025362484729003848 0.9499433389847828 -0.31240714501430894 -0.0030705801489283 0.010839448748249677 0.023134183471953673 0.99967360468601 
1280759654612 0 163.42668199800968 -2528.338648242038 68.04277071681842 -0.3113995564760927 -0.9502785741682036 9.735005591117356E-4 0.9502104961341928 -0.31138922808044556 -0.011694514606227427 0.011416184253232715 -0.0027166362123219306 0.9999311429417458 
1280759654622 0 163.37328880772495 -2528.490182030239 67.98407278243363 -0.31143661577781523 -0.9499608662927169 0.024116112150434334 0.9501974969042256 -0.3116203376503697 -0.004181152904833245 0.011487002646710232 0.02161290528967344 0.9997004206736808 
1280759654632 0 162.8128624717883 -2528.7850366894504 68.07700802168854 -0.31255349479290456 -0.9493994253427073 0.030839002118735408 0.9497973874596838 -0.3128324916713253 -0.004555757837037164 0.013972675745944898 0.027866885610842412 0.9995139824028736 
1280759654642 0 162.90919012063966 -2528.6815541506476 68.20263384705459 -0.3125971501963655 -0.9494072345838279 0.03014837655661303 0.9497828207097953 -0.3128731197830774 -0.00479629041540987 0.013986249449217713 0.027135103410389723 0.9995339268825503 
1280759654652 0 163.48282251050975 -2528.323677488344 67.97219058804461 -0.3104723613513138 -0.9505818547298548 0.001024839152487033 0.9505054247164177 -0.3104607580749663 -0.01239174241902687 0.012097537832199209 -0.0028731783561918127 0.9999226942241746 
1280759654662 0 163.1005565977713 -2528.5836016142707 68.17248653181052 -0.31283326284624285 -0.9494373239104033 0.026535214768783982 0.949715874533595 -0.3130700321639821 -0.0051877374386057 0.01323281209200098 0.023578017870363815 0.9996344180536414 
1280759654672 0 163.0038376511635 -2528.6157456446845 67.99349275427794 -0.3119128701816122 -0.9496355506049289 0.030044674109436013 0.9500169635028256 -0.31217032863410116 -0.004177915430961946 0.013346552811109486 0.027239804473430974 0.999539825409828 
1280759654682 0 162.9758823418325 -2528.6571745322726 68.05358700681553 -0.3118254794352853 -0.9496091139154934 0.03173958322955587 0.950035225057491 -0.3121119249890102 -0.0043837688827004315 0.014069169304437058 0.02878675126314053 0.9994865589025185 
1280759654692 0 162.96415035694127 -2528.6444060073554 67.98999240566182 -0.3123506505047195 -0.9494172114667772 0.03231144843437621 0.9498778202407667 -0.3126063859861018 -0.003061707915206293 0.01300760331222756 0.029735601748697073 0.999473159341818 
1280759654702 0 163.40188428218616 -2528.470002730072 67.60438759689863 -0.3116921796704666 -0.9497998417682199 0.026986028039305297 0.9501300715876368 -0.3118491887083546 -0.001711889836797086 0.010041523646632763 0.02510665407826411 0.9996343450101385 
1280759654712 0 163.379877422787 -2528.433883739429 67.50358967397355 -0.3117669198655123 -0.949741534995993 0.028149678169140387 0.9501123825423261 -0.3119071514829758 -6.240140387861401E-4 0.009372737983954884 0.026550810858256484 0.9996035245163221 
1280759654722 0 164.2132749656992 -2528.058526703316 67.37640473372907 -0.30889718018327894 -0.9510756602046826 -0.006133566747524508 0.9510703233658166 -0.30883573484244126 -0.009258990072923653 0.00691173550275757 -0.008693529234825042 0.9999383233288859 
1280759654732 0 163.3879976464788 -2528.4558463888216 67.34007265513497 -0.3117336275709815 -0.9497053931573622 0.02969531359080988 0.9501459319904582 -0.31179389505872734 0.002697207090864689 0.006697265368812497 0.02905569155823439 0.9995553578590093 
1280759654742 0 163.41517419283184 -2528.337210501954 67.2569190480625 -0.31046086275782886 -0.9501011293940815 0.03036275053013051 0.9505682812535767 -0.3104925292434834 0.0037857573357657926 0.005830554886566126 0.030037197074210924 0.9995317760940066 
1280759654752 0 163.417059467581 -2528.340697086948 67.21695287692668 -0.31087391840393064 -0.9499870566873071 0.02969846768393159 0.9504404365286837 -0.31086704102204615 0.004965824942815254 0.004514805350343196 0.0297703700478299 0.9995465679996425 
1280759654762 0 163.38792465731507 -2528.2714447451485 67.13474697705747 -0.3101752298999591 -0.9501692422949058 0.031140612602066187 0.9506734747367857 -0.31012252452108446 0.006630551753485689 0.0033572590596792056 0.0316611873023394 0.999493020501 
1280759654772 0 163.42592136872523 -2528.118748327087 67.02426609461813 -0.3097577938757473 -0.9502656228841279 0.032331951655765745 0.9508148892821718 -0.3096169002797129 0.009403264354133595 0.0010749197930268496 0.03365443545542032 0.9994329509885173 
1280759654782 0 163.42363343575528 -2528.091248309759 66.9036728629547 -0.30888556151952995 -0.9505074903479678 0.03354430916225393 0.9510991687905563 -0.30868282176392803 0.01119315298618141 -2.846237476500195E-4 0.0353613679071838 0.9993745507311339 
1280759654792 0 163.43184098143027 -2528.055277626308 66.83131581441613 -0.3088062355114036 -0.9505766312628935 0.03229205794254803 0.9511227466934012 -0.3085540694217281 0.01264543260199879 -0.002056606835494539 0.03461869928493516 0.999398477099172 
1280759654802 0 163.40561645711352 -2528.0219353890993 66.75627656991023 -0.30820461302454943 -0.9508044482504592 0.03131800915652255 0.951315687815343 -0.3079359636190221 0.013187282754438095 -0.0028945857750131733 0.03385769479992136 0.9994224721688159 
1280759654812 0 162.76531084667926 -2528.1843772682378 66.18502031153034 -0.3036360153518426 -0.9521048266827496 0.03607726692346779 0.9527871952033149 -0.30336569432110505 0.0128769625950493 -0.001315613110314015 0.038283867574807694 0.9992660379727006 
1280759654822 0 162.49312940947127 -2528.249583299991 66.00275052893322 -0.3014283350400835 -0.9527444094004341 0.037670269327167286 0.9534868815538428 -0.30111240465311406 0.01393149197852668 -0.001930165716114502 0.04011745405976568 0.9991931066315815 
1280759654832 0 162.3211750013625 -2528.2087720386603 65.94358749388363 -0.2992439713791457 -0.9533425662623604 0.03988730306167804 0.9541741740756521 -0.29888673672627075 0.014777149121804492 -0.0021658994169059427 0.0424814072438525 0.9990949098650728 
1280759654842 0 162.3704112099666 -2528.0324892219123 66.07845475789391 -0.29970592609181423 -0.9533748388406111 0.035394555105084796 0.9540136870291882 -0.2992664023123471 0.01724834508000323 -0.0058517370431704786 0.03893632125231327 0.999224559376377 
1280759654852 0 162.1912606592554 -2527.9903009563395 66.00670527866262 -0.297563720740759 -0.9539545452035815 0.037769799898120605 0.9546766789829756 -0.29703498528736627 0.01904353227137842 -0.006947712209967495 0.04172461145130738 0.9991049925279554 
1280759654862 0 161.80941686440025 -2528.0129753635697 65.84498554866825 -0.29573293543980345 -0.9545482272514625 0.037144484748714096 0.9552411823310485 -0.2951947086963821 0.019348579700811403 -0.007504297098169289 0.041203953799951204 0.9991225749207722 
1280759654872 0 161.8841889205307 -2527.9076960831785 66.11434852239593 -0.29638051723356823 -0.9544016732811891 0.03572163269545533 0.9550153141750766 -0.2957561772752869 0.021772305679212407 -0.010214631439390089 0.04056759349006928 0.999124582653726 
1280759654882 0 162.09878273858257 -2527.69554084047 66.30670408025885 -0.29628071955794155 -0.954606997369285 0.030711818438937343 0.9550211835676838 -0.29568733739803377 0.0224396399133725 -0.012339941458891262 0.03597886985522487 0.9992763615580686 
1280759654892 0 161.98933992303122 -2527.620058723141 66.284929019862 -0.2960677506747884 -0.9546514276304213 0.031377360207154675 0.9550616814795739 -0.2953876721717955 0.02456232273903824 -0.014179971078254677 0.03723942604453068 0.9992057613765514 
1280759654902 0 161.73574725932292 -2527.631127260358 66.23198956102914 -0.2939032952736964 -0.9554233026370315 0.028056475284861323 0.9557294026392923 -0.29330751818273415 0.02349486557158657 -0.014218366924660431 0.033719616777666384 0.999330188419405 
1280759654912 0 161.88245128624868 -2527.445705051567 66.42471062765543 -0.2948672831352881 -0.955141960109203 0.02751583862365412 0.9553766919705213 -0.2941657250328484 0.026868246227879193 -0.017568772748179178 0.034210557648886065 0.9992602143433281 
1280759654922 0 162.86758777826475 -2526.7565289474 66.22508932082869 -0.2860842601518504 -0.9579428830917328 -0.022388140326228448 0.9580524756817431 -0.28637693103696427 0.011122374293861228 -0.017066046216137 -0.018267077044462187 0.9996874831480085 
1280759654932 0 163.85772908753813 -2526.3581342336297 67.48654350909634 -0.2950941014245611 -0.955278313434422 -0.01904770816441945 0.9550510698065446 -0.295495659671347 0.023659441598860607 -0.028229866556632194 -0.011209772400969004 0.9995386013741105 
1280759654941 0 163.83285242486588 -2526.1385954930925 67.53241023317509 -0.2938206710807743 -0.9555549115407859 -0.024170731803655154 0.9553134467848904 -0.29441403563968815 0.02639306746713788 -0.032336227943529604 -0.01533579631558837 0.9993593856635115 
1280759654952 0 163.3276863094593 -2526.209419939062 67.62640933934273 -0.2925577245916552 -0.956080621778799 -0.017883580201348927 0.9555397645855456 -0.29300953972792404 0.03300254420844333 -0.036793152590575466 -0.007433322776185983 0.9992952564857656 
1280759654962 0 162.88876422529728 -2525.944541343294 67.90268210503292 -0.29020172148583206 -0.9568272305246559 -0.016266891933509907 0.9560524757628666 -0.2906253121302689 0.038737469417571335 -0.041792636125914 -0.004310321995015184 0.9991170085079857 
1280759654972 0 162.60371043026478 -2525.664534094205 68.33637563490528 -0.2893083446082084 -0.9570659877228985 -0.018038206231510902 0.9559884583698227 -0.28984174685743197 0.045583212286124795 -0.04885436729451833 -0.004056713278595726 0.9987976741430804 
1280759654982 0 160.92963991181372 -2525.975391980404 67.16916441773046 -0.2955405016841956 -0.9550312186673008 -0.023899440058388115 0.9531110818786522 -0.29646587572115635 0.06072273160022626 -0.0650774727871268 -0.004832794609578667 0.9978685116947535 
1280759654991 0 148.70859243320885 -2531.203922125872 56.660503147319275 -0.2926322685725704 -0.9554200820927627 -0.03922782333917892 0.9536619579953953 -0.2946038549252309 0.06113459360773153 -0.0699658864194546 -0.019520127997846193 0.9973583805937001 
1280759655002 0 149.9068863328991 -2530.1531546444376 58.37783876819779 -0.2870119150153722 -0.9571332911384718 -0.03898748047317471 0.9550793530234483 -0.2890575023338556 0.06533903712808035 -0.0738077913740842 -0.01848305545494318 0.9971011917521355 
1280759655012 0 155.4903074072187 -2527.2585118907223 64.3854512403794 -0.282447915860115 -0.9588012529110398 -0.03038638251746289 0.956028449427878 -0.28395542243315386 0.07334113412905544 -0.07894794937681654 -0.008335195680323572 0.9968438923934712 
1280759655022 0 152.53067588344103 -2528.3396782576933 63.00745097944139 -0.282938674028103 -0.9589290085450929 -0.020021571115770763 0.9551993946530944 -0.2836052184464993 0.0846297614570383 -0.08683215529733573 0.004820439880180959 0.9962112929322677 
1280759655032 0 147.9491821706446 -2529.977112498039 60.403267799311514 -0.2842816771985651 -0.9587373050822067 0.0025899522927108204 0.9539855705190411 -0.28260192294361947 0.10023813840065235 -0.09537011717844639 0.030966643219378163 0.9949601036006885 
1280759655042 0 147.839852175496 -2529.7197625786753 61.67315556732898 -0.2851025942570456 -0.9584131293255777 0.01268007430009193 0.9525634997101039 -0.281843177496264 0.11483554466648412 -0.10648610128998559 0.04481848764921516 0.9933035857163185 
1280759655052 0 147.48177069145112 -2529.4727797529317 62.90887841303854 -0.2827731373901809 -0.9589208188435824 0.022587960484897224 0.9521414592677419 -0.27776930490456075 0.12755726085304714 -0.11604307094354682 0.05757670050628596 0.9915739655944986 
