% timestampLocal timestampVicon translation[3] rotation[9]
1280760026906 0 0.0 0.0 0.0 0.0 0.0 0.0 0.0 0.0 0.0 0.0 0.0 0.0 
1280760026908 0 0.0 0.0 0.0 0.0 0.0 0.0 0.0 0.0 0.0 0.0 0.0 0.0 
1280760026917 0 0.0 0.0 0.0 0.0 0.0 0.0 0.0 0.0 0.0 0.0 0.0 0.0 
1280760026927 0 0.0 0.0 0.0 0.0 0.0 0.0 0.0 0.0 0.0 0.0 0.0 0.0 
1280760026937 0 0.0 0.0 0.0 0.0 0.0 0.0 0.0 0.0 0.0 0.0 0.0 0.0 
1280760026947 0 0.0 0.0 0.0 0.0 0.0 0.0 0.0 0.0 0.0 0.0 0.0 0.0 
1280760026958 0 0.0 0.0 0.0 0.0 0.0 0.0 0.0 0.0 0.0 0.0 0.0 0.0 
1280760026967 0 0.0 0.0 0.0 0.0 0.0 0.0 0.0 0.0 0.0 0.0 0.0 0.0 
1280760026977 0 0.0 0.0 0.0 0.0 0.0 0.0 0.0 0.0 0.0 0.0 0.0 0.0 
1280760026987 0 0.0 0.0 0.0 0.0 0.0 0.0 0.0 0.0 0.0 0.0 0.0 0.0 
1280760026997 0 0.0 0.0 0.0 0.0 0.0 0.0 0.0 0.0 0.0 0.0 0.0 0.0 
1280760027008 0 0.0 0.0 0.0 0.0 0.0 0.0 0.0 0.0 0.0 0.0 0.0 0.0 
1280760027017 0 0.0 0.0 0.0 0.0 0.0 0.0 0.0 0.0 0.0 0.0 0.0 0.0 
1280760027027 0 0.0 0.0 0.0 0.0 0.0 0.0 0.0 0.0 0.0 0.0 0.0 0.0 
1280760027037 0 0.0 0.0 0.0 0.0 0.0 0.0 0.0 0.0 0.0 0.0 0.0 0.0 
1280760027047 0 0.0 0.0 0.0 0.0 0.0 0.0 0.0 0.0 0.0 0.0 0.0 0.0 
1280760027058 0 0.0 0.0 0.0 0.0 0.0 0.0 0.0 0.0 0.0 0.0 0.0 0.0 
1280760027067 0 0.0 0.0 0.0 0.0 0.0 0.0 0.0 0.0 0.0 0.0 0.0 0.0 
1280760027077 0 0.0 0.0 0.0 0.0 0.0 0.0 0.0 0.0 0.0 0.0 0.0 0.0 
1280760027087 0 0.0 0.0 0.0 0.0 0.0 0.0 0.0 0.0 0.0 0.0 0.0 0.0 
1280760027097 0 0.0 0.0 0.0 0.0 0.0 0.0 0.0 0.0 0.0 0.0 0.0 0.0 
1280760027108 0 0.0 0.0 0.0 0.0 0.0 0.0 0.0 0.0 0.0 0.0 0.0 0.0 
1280760027117 0 0.0 0.0 0.0 0.0 0.0 0.0 0.0 0.0 0.0 0.0 0.0 0.0 
1280760027127 0 0.0 0.0 0.0 0.0 0.0 0.0 0.0 0.0 0.0 0.0 0.0 0.0 
1280760027137 0 0.0 0.0 0.0 0.0 0.0 0.0 0.0 0.0 0.0 0.0 0.0 0.0 
1280760027147 0 0.0 0.0 0.0 0.0 0.0 0.0 0.0 0.0 0.0 0.0 0.0 0.0 
1280760027158 0 0.0 0.0 0.0 0.0 0.0 0.0 0.0 0.0 0.0 0.0 0.0 0.0 
1280760027167 0 0.0 0.0 0.0 0.0 0.0 0.0 0.0 0.0 0.0 0.0 0.0 0.0 
1280760027177 0 0.0 0.0 0.0 0.0 0.0 0.0 0.0 0.0 0.0 0.0 0.0 0.0 
1280760027187 0 0.0 0.0 0.0 0.0 0.0 0.0 0.0 0.0 0.0 0.0 0.0 0.0 
1280760027197 0 0.0 0.0 0.0 0.0 0.0 0.0 0.0 0.0 0.0 0.0 0.0 0.0 
1280760027208 0 0.0 0.0 0.0 0.0 0.0 0.0 0.0 0.0 0.0 0.0 0.0 0.0 
1280760027217 0 0.0 0.0 0.0 0.0 0.0 0.0 0.0 0.0 0.0 0.0 0.0 0.0 
1280760027227 0 0.0 0.0 0.0 0.0 0.0 0.0 0.0 0.0 0.0 0.0 0.0 0.0 
1280760027237 0 0.0 0.0 0.0 0.0 0.0 0.0 0.0 0.0 0.0 0.0 0.0 0.0 
1280760027247 0 0.0 0.0 0.0 0.0 0.0 0.0 0.0 0.0 0.0 0.0 0.0 0.0 
1280760027258 0 0.0 0.0 0.0 0.0 0.0 0.0 0.0 0.0 0.0 0.0 0.0 0.0 
1280760027267 0 0.0 0.0 0.0 0.0 0.0 0.0 0.0 0.0 0.0 0.0 0.0 0.0 
1280760027277 0 0.0 0.0 0.0 0.0 0.0 0.0 0.0 0.0 0.0 0.0 0.0 0.0 
1280760027287 0 0.0 0.0 0.0 0.0 0.0 0.0 0.0 0.0 0.0 0.0 0.0 0.0 
1280760027297 0 0.0 0.0 0.0 0.0 0.0 0.0 0.0 0.0 0.0 0.0 0.0 0.0 
1280760027308 0 0.0 0.0 0.0 0.0 0.0 0.0 0.0 0.0 0.0 0.0 0.0 0.0 
1280760027317 0 0.0 0.0 0.0 0.0 0.0 0.0 0.0 0.0 0.0 0.0 0.0 0.0 
1280760027327 0 0.0 0.0 0.0 0.0 0.0 0.0 0.0 0.0 0.0 0.0 0.0 0.0 
1280760027337 0 0.0 0.0 0.0 0.0 0.0 0.0 0.0 0.0 0.0 0.0 0.0 0.0 
1280760027347 0 0.0 0.0 0.0 0.0 0.0 0.0 0.0 0.0 0.0 0.0 0.0 0.0 
1280760027358 0 0.0 0.0 0.0 0.0 0.0 0.0 0.0 0.0 0.0 0.0 0.0 0.0 
1280760027367 0 0.0 0.0 0.0 0.0 0.0 0.0 0.0 0.0 0.0 0.0 0.0 0.0 
1280760027377 0 0.0 0.0 0.0 0.0 0.0 0.0 0.0 0.0 0.0 0.0 0.0 0.0 
1280760027387 0 0.0 0.0 0.0 0.0 0.0 0.0 0.0 0.0 0.0 0.0 0.0 0.0 
1280760027397 0 0.0 0.0 0.0 0.0 0.0 0.0 0.0 0.0 0.0 0.0 0.0 0.0 
1280760027408 0 0.0 0.0 0.0 0.0 0.0 0.0 0.0 0.0 0.0 0.0 0.0 0.0 
1280760027417 0 0.0 0.0 0.0 0.0 0.0 0.0 0.0 0.0 0.0 0.0 0.0 0.0 
1280760027427 0 0.0 0.0 0.0 0.0 0.0 0.0 0.0 0.0 0.0 0.0 0.0 0.0 
1280760027438 0 0.0 0.0 0.0 0.0 0.0 0.0 0.0 0.0 0.0 0.0 0.0 0.0 
1280760027447 0 0.0 0.0 0.0 0.0 0.0 0.0 0.0 0.0 0.0 0.0 0.0 0.0 
1280760027458 0 0.0 0.0 0.0 0.0 0.0 0.0 0.0 0.0 0.0 0.0 0.0 0.0 
1280760027467 0 0.0 0.0 0.0 0.0 0.0 0.0 0.0 0.0 0.0 0.0 0.0 0.0 
1280760027477 0 0.0 0.0 0.0 0.0 0.0 0.0 0.0 0.0 0.0 0.0 0.0 0.0 
1280760027487 0 0.0 0.0 0.0 0.0 0.0 0.0 0.0 0.0 0.0 0.0 0.0 0.0 
1280760027497 0 0.0 0.0 0.0 0.0 0.0 0.0 0.0 0.0 0.0 0.0 0.0 0.0 
1280760027508 0 0.0 0.0 0.0 0.0 0.0 0.0 0.0 0.0 0.0 0.0 0.0 0.0 
1280760027517 0 0.0 0.0 0.0 0.0 0.0 0.0 0.0 0.0 0.0 0.0 0.0 0.0 
1280760027527 0 0.0 0.0 0.0 0.0 0.0 0.0 0.0 0.0 0.0 0.0 0.0 0.0 
1280760027537 0 0.0 0.0 0.0 0.0 0.0 0.0 0.0 0.0 0.0 0.0 0.0 0.0 
1280760027547 0 0.0 0.0 0.0 0.0 0.0 0.0 0.0 0.0 0.0 0.0 0.0 0.0 
1280760027558 0 0.0 0.0 0.0 0.0 0.0 0.0 0.0 0.0 0.0 0.0 0.0 0.0 
1280760027567 0 0.0 0.0 0.0 0.0 0.0 0.0 0.0 0.0 0.0 0.0 0.0 0.0 
1280760027577 0 0.0 0.0 0.0 0.0 0.0 0.0 0.0 0.0 0.0 0.0 0.0 0.0 
1280760027587 0 0.0 0.0 0.0 0.0 0.0 0.0 0.0 0.0 0.0 0.0 0.0 0.0 
1280760027597 0 0.0 0.0 0.0 0.0 0.0 0.0 0.0 0.0 0.0 0.0 0.0 0.0 
1280760027608 0 0.0 0.0 0.0 0.0 0.0 0.0 0.0 0.0 0.0 0.0 0.0 0.0 
1280760027617 0 0.0 0.0 0.0 0.0 0.0 0.0 0.0 0.0 0.0 0.0 0.0 0.0 
1280760027627 0 0.0 0.0 0.0 0.0 0.0 0.0 0.0 0.0 0.0 0.0 0.0 0.0 
1280760027637 0 0.0 0.0 0.0 0.0 0.0 0.0 0.0 0.0 0.0 0.0 0.0 0.0 
1280760027647 0 0.0 0.0 0.0 0.0 0.0 0.0 0.0 0.0 0.0 0.0 0.0 0.0 
1280760027658 0 0.0 0.0 0.0 0.0 0.0 0.0 0.0 0.0 0.0 0.0 0.0 0.0 
1280760027667 0 0.0 0.0 0.0 0.0 0.0 0.0 0.0 0.0 0.0 0.0 0.0 0.0 
1280760027677 0 0.0 0.0 0.0 0.0 0.0 0.0 0.0 0.0 0.0 0.0 0.0 0.0 
1280760027687 0 0.0 0.0 0.0 0.0 0.0 0.0 0.0 0.0 0.0 0.0 0.0 0.0 
1280760027697 0 0.0 0.0 0.0 0.0 0.0 0.0 0.0 0.0 0.0 0.0 0.0 0.0 
1280760027708 0 0.0 0.0 0.0 0.0 0.0 0.0 0.0 0.0 0.0 0.0 0.0 0.0 
1280760027717 0 0.0 0.0 0.0 0.0 0.0 0.0 0.0 0.0 0.0 0.0 0.0 0.0 
1280760027727 0 0.0 0.0 0.0 0.0 0.0 0.0 0.0 0.0 0.0 0.0 0.0 0.0 
1280760027737 0 0.0 0.0 0.0 0.0 0.0 0.0 0.0 0.0 0.0 0.0 0.0 0.0 
1280760027747 0 0.0 0.0 0.0 0.0 0.0 0.0 0.0 0.0 0.0 0.0 0.0 0.0 
1280760027758 0 0.0 0.0 0.0 0.0 0.0 0.0 0.0 0.0 0.0 0.0 0.0 0.0 
1280760027767 0 0.0 0.0 0.0 0.0 0.0 0.0 0.0 0.0 0.0 0.0 0.0 0.0 
1280760027777 0 0.0 0.0 0.0 0.0 0.0 0.0 0.0 0.0 0.0 0.0 0.0 0.0 
1280760027787 0 0.0 0.0 0.0 0.0 0.0 0.0 0.0 0.0 0.0 0.0 0.0 0.0 
1280760027797 0 0.0 0.0 0.0 0.0 0.0 0.0 0.0 0.0 0.0 0.0 0.0 0.0 
1280760027808 0 0.0 0.0 0.0 0.0 0.0 0.0 0.0 0.0 0.0 0.0 0.0 0.0 
1280760027817 0 0.0 0.0 0.0 0.0 0.0 0.0 0.0 0.0 0.0 0.0 0.0 0.0 
1280760027827 0 0.0 0.0 0.0 0.0 0.0 0.0 0.0 0.0 0.0 0.0 0.0 0.0 
1280760027837 0 0.0 0.0 0.0 0.0 0.0 0.0 0.0 0.0 0.0 0.0 0.0 0.0 
1280760027847 0 0.0 0.0 0.0 0.0 0.0 0.0 0.0 0.0 0.0 0.0 0.0 0.0 
1280760027858 0 0.0 0.0 0.0 0.0 0.0 0.0 0.0 0.0 0.0 0.0 0.0 0.0 
1280760027867 0 0.0 0.0 0.0 0.0 0.0 0.0 0.0 0.0 0.0 0.0 0.0 0.0 
1280760027877 0 0.0 0.0 0.0 0.0 0.0 0.0 0.0 0.0 0.0 0.0 0.0 0.0 
1280760027887 0 0.0 0.0 0.0 0.0 0.0 0.0 0.0 0.0 0.0 0.0 0.0 0.0 
1280760027897 0 0.0 0.0 0.0 0.0 0.0 0.0 0.0 0.0 0.0 0.0 0.0 0.0 
1280760027908 0 0.0 0.0 0.0 0.0 0.0 0.0 0.0 0.0 0.0 0.0 0.0 0.0 
1280760027917 0 0.0 0.0 0.0 0.0 0.0 0.0 0.0 0.0 0.0 0.0 0.0 0.0 
1280760027927 0 0.0 0.0 0.0 0.0 0.0 0.0 0.0 0.0 0.0 0.0 0.0 0.0 
1280760027937 0 0.0 0.0 0.0 0.0 0.0 0.0 0.0 0.0 0.0 0.0 0.0 0.0 
1280760027947 0 0.0 0.0 0.0 0.0 0.0 0.0 0.0 0.0 0.0 0.0 0.0 0.0 
1280760027958 0 0.0 0.0 0.0 0.0 0.0 0.0 0.0 0.0 0.0 0.0 0.0 0.0 
1280760027967 0 0.0 0.0 0.0 0.0 0.0 0.0 0.0 0.0 0.0 0.0 0.0 0.0 
1280760027977 0 0.0 0.0 0.0 0.0 0.0 0.0 0.0 0.0 0.0 0.0 0.0 0.0 
1280760027987 0 0.0 0.0 0.0 0.0 0.0 0.0 0.0 0.0 0.0 0.0 0.0 0.0 
1280760027997 0 0.0 0.0 0.0 0.0 0.0 0.0 0.0 0.0 0.0 0.0 0.0 0.0 
1280760028008 0 0.0 0.0 0.0 0.0 0.0 0.0 0.0 0.0 0.0 0.0 0.0 0.0 
1280760028017 0 0.0 0.0 0.0 0.0 0.0 0.0 0.0 0.0 0.0 0.0 0.0 0.0 
1280760028027 0 0.0 0.0 0.0 0.0 0.0 0.0 0.0 0.0 0.0 0.0 0.0 0.0 
1280760028037 0 0.0 0.0 0.0 0.0 0.0 0.0 0.0 0.0 0.0 0.0 0.0 0.0 
1280760028047 0 0.0 0.0 0.0 0.0 0.0 0.0 0.0 0.0 0.0 0.0 0.0 0.0 
1280760028058 0 0.0 0.0 0.0 0.0 0.0 0.0 0.0 0.0 0.0 0.0 0.0 0.0 
1280760028067 0 0.0 0.0 0.0 0.0 0.0 0.0 0.0 0.0 0.0 0.0 0.0 0.0 
1280760028077 0 0.0 0.0 0.0 0.0 0.0 0.0 0.0 0.0 0.0 0.0 0.0 0.0 
1280760028087 0 0.0 0.0 0.0 0.0 0.0 0.0 0.0 0.0 0.0 0.0 0.0 0.0 
1280760028097 0 0.0 0.0 0.0 0.0 0.0 0.0 0.0 0.0 0.0 0.0 0.0 0.0 
1280760028108 0 0.0 0.0 0.0 0.0 0.0 0.0 0.0 0.0 0.0 0.0 0.0 0.0 
1280760028117 0 0.0 0.0 0.0 0.0 0.0 0.0 0.0 0.0 0.0 0.0 0.0 0.0 
1280760028127 0 0.0 0.0 0.0 0.0 0.0 0.0 0.0 0.0 0.0 0.0 0.0 0.0 
1280760028137 0 0.0 0.0 0.0 0.0 0.0 0.0 0.0 0.0 0.0 0.0 0.0 0.0 
1280760028147 0 0.0 0.0 0.0 0.0 0.0 0.0 0.0 0.0 0.0 0.0 0.0 0.0 
1280760028158 0 0.0 0.0 0.0 0.0 0.0 0.0 0.0 0.0 0.0 0.0 0.0 0.0 
1280760028167 0 0.0 0.0 0.0 0.0 0.0 0.0 0.0 0.0 0.0 0.0 0.0 0.0 
1280760028177 0 0.0 0.0 0.0 0.0 0.0 0.0 0.0 0.0 0.0 0.0 0.0 0.0 
1280760028187 0 0.0 0.0 0.0 0.0 0.0 0.0 0.0 0.0 0.0 0.0 0.0 0.0 
1280760028197 0 0.0 0.0 0.0 0.0 0.0 0.0 0.0 0.0 0.0 0.0 0.0 0.0 
1280760028208 0 0.0 0.0 0.0 0.0 0.0 0.0 0.0 0.0 0.0 0.0 0.0 0.0 
1280760028217 0 0.0 0.0 0.0 0.0 0.0 0.0 0.0 0.0 0.0 0.0 0.0 0.0 
1280760028227 0 0.0 0.0 0.0 0.0 0.0 0.0 0.0 0.0 0.0 0.0 0.0 0.0 
1280760028237 0 0.0 0.0 0.0 0.0 0.0 0.0 0.0 0.0 0.0 0.0 0.0 0.0 
1280760028247 0 0.0 0.0 0.0 0.0 0.0 0.0 0.0 0.0 0.0 0.0 0.0 0.0 
1280760028258 0 0.0 0.0 0.0 0.0 0.0 0.0 0.0 0.0 0.0 0.0 0.0 0.0 
1280760028267 0 0.0 0.0 0.0 0.0 0.0 0.0 0.0 0.0 0.0 0.0 0.0 0.0 
1280760028277 0 0.0 0.0 0.0 0.0 0.0 0.0 0.0 0.0 0.0 0.0 0.0 0.0 
1280760028287 0 0.0 0.0 0.0 0.0 0.0 0.0 0.0 0.0 0.0 0.0 0.0 0.0 
1280760028297 0 0.0 0.0 0.0 0.0 0.0 0.0 0.0 0.0 0.0 0.0 0.0 0.0 
1280760028308 0 0.0 0.0 0.0 0.0 0.0 0.0 0.0 0.0 0.0 0.0 0.0 0.0 
1280760028317 0 0.0 0.0 0.0 0.0 0.0 0.0 0.0 0.0 0.0 0.0 0.0 0.0 
1280760028327 0 0.0 0.0 0.0 0.0 0.0 0.0 0.0 0.0 0.0 0.0 0.0 0.0 
1280760028337 0 0.0 0.0 0.0 0.0 0.0 0.0 0.0 0.0 0.0 0.0 0.0 0.0 
1280760028347 0 0.0 0.0 0.0 0.0 0.0 0.0 0.0 0.0 0.0 0.0 0.0 0.0 
1280760028358 0 0.0 0.0 0.0 0.0 0.0 0.0 0.0 0.0 0.0 0.0 0.0 0.0 
1280760028367 0 0.0 0.0 0.0 0.0 0.0 0.0 0.0 0.0 0.0 0.0 0.0 0.0 
1280760028377 0 0.0 0.0 0.0 0.0 0.0 0.0 0.0 0.0 0.0 0.0 0.0 0.0 
1280760028387 0 0.0 0.0 0.0 0.0 0.0 0.0 0.0 0.0 0.0 0.0 0.0 0.0 
1280760028397 0 0.0 0.0 0.0 0.0 0.0 0.0 0.0 0.0 0.0 0.0 0.0 0.0 
1280760028408 0 0.0 0.0 0.0 0.0 0.0 0.0 0.0 0.0 0.0 0.0 0.0 0.0 
1280760028417 0 0.0 0.0 0.0 0.0 0.0 0.0 0.0 0.0 0.0 0.0 0.0 0.0 
1280760028427 0 0.0 0.0 0.0 0.0 0.0 0.0 0.0 0.0 0.0 0.0 0.0 0.0 
1280760028437 0 0.0 0.0 0.0 0.0 0.0 0.0 0.0 0.0 0.0 0.0 0.0 0.0 
1280760028447 0 0.0 0.0 0.0 0.0 0.0 0.0 0.0 0.0 0.0 0.0 0.0 0.0 
1280760028458 0 0.0 0.0 0.0 0.0 0.0 0.0 0.0 0.0 0.0 0.0 0.0 0.0 
1280760028467 0 0.0 0.0 0.0 0.0 0.0 0.0 0.0 0.0 0.0 0.0 0.0 0.0 
1280760028477 0 0.0 0.0 0.0 0.0 0.0 0.0 0.0 0.0 0.0 0.0 0.0 0.0 
1280760028487 0 0.0 0.0 0.0 0.0 0.0 0.0 0.0 0.0 0.0 0.0 0.0 0.0 
1280760028497 0 0.0 0.0 0.0 0.0 0.0 0.0 0.0 0.0 0.0 0.0 0.0 0.0 
1280760028508 0 0.0 0.0 0.0 0.0 0.0 0.0 0.0 0.0 0.0 0.0 0.0 0.0 
1280760028517 0 0.0 0.0 0.0 0.0 0.0 0.0 0.0 0.0 0.0 0.0 0.0 0.0 
1280760028527 0 0.0 0.0 0.0 0.0 0.0 0.0 0.0 0.0 0.0 0.0 0.0 0.0 
1280760028537 0 0.0 0.0 0.0 0.0 0.0 0.0 0.0 0.0 0.0 0.0 0.0 0.0 
1280760028547 0 0.0 0.0 0.0 0.0 0.0 0.0 0.0 0.0 0.0 0.0 0.0 0.0 
1280760028558 0 0.0 0.0 0.0 0.0 0.0 0.0 0.0 0.0 0.0 0.0 0.0 0.0 
1280760028567 0 0.0 0.0 0.0 0.0 0.0 0.0 0.0 0.0 0.0 0.0 0.0 0.0 
1280760028577 0 0.0 0.0 0.0 0.0 0.0 0.0 0.0 0.0 0.0 0.0 0.0 0.0 
1280760028587 0 0.0 0.0 0.0 0.0 0.0 0.0 0.0 0.0 0.0 0.0 0.0 0.0 
1280760028597 0 0.0 0.0 0.0 0.0 0.0 0.0 0.0 0.0 0.0 0.0 0.0 0.0 
1280760028608 0 0.0 0.0 0.0 0.0 0.0 0.0 0.0 0.0 0.0 0.0 0.0 0.0 
1280760028617 0 0.0 0.0 0.0 0.0 0.0 0.0 0.0 0.0 0.0 0.0 0.0 0.0 
1280760028627 0 0.0 0.0 0.0 0.0 0.0 0.0 0.0 0.0 0.0 0.0 0.0 0.0 
1280760028637 0 0.0 0.0 0.0 0.0 0.0 0.0 0.0 0.0 0.0 0.0 0.0 0.0 
1280760028647 0 0.0 0.0 0.0 0.0 0.0 0.0 0.0 0.0 0.0 0.0 0.0 0.0 
1280760028658 0 0.0 0.0 0.0 0.0 0.0 0.0 0.0 0.0 0.0 0.0 0.0 0.0 
1280760028667 0 0.0 0.0 0.0 0.0 0.0 0.0 0.0 0.0 0.0 0.0 0.0 0.0 
1280760028677 0 0.0 0.0 0.0 0.0 0.0 0.0 0.0 0.0 0.0 0.0 0.0 0.0 
1280760028687 0 0.0 0.0 0.0 0.0 0.0 0.0 0.0 0.0 0.0 0.0 0.0 0.0 
1280760028697 0 0.0 0.0 0.0 0.0 0.0 0.0 0.0 0.0 0.0 0.0 0.0 0.0 
1280760028708 0 0.0 0.0 0.0 0.0 0.0 0.0 0.0 0.0 0.0 0.0 0.0 0.0 
1280760028717 0 0.0 0.0 0.0 0.0 0.0 0.0 0.0 0.0 0.0 0.0 0.0 0.0 
1280760028727 0 0.0 0.0 0.0 0.0 0.0 0.0 0.0 0.0 0.0 0.0 0.0 0.0 
1280760028737 0 0.0 0.0 0.0 0.0 0.0 0.0 0.0 0.0 0.0 0.0 0.0 0.0 
1280760028747 0 0.0 0.0 0.0 0.0 0.0 0.0 0.0 0.0 0.0 0.0 0.0 0.0 
1280760028758 0 0.0 0.0 0.0 0.0 0.0 0.0 0.0 0.0 0.0 0.0 0.0 0.0 
1280760028767 0 0.0 0.0 0.0 0.0 0.0 0.0 0.0 0.0 0.0 0.0 0.0 0.0 
1280760028777 0 0.0 0.0 0.0 0.0 0.0 0.0 0.0 0.0 0.0 0.0 0.0 0.0 
1280760028787 0 0.0 0.0 0.0 0.0 0.0 0.0 0.0 0.0 0.0 0.0 0.0 0.0 
1280760028797 0 0.0 0.0 0.0 0.0 0.0 0.0 0.0 0.0 0.0 0.0 0.0 0.0 
1280760028808 0 0.0 0.0 0.0 0.0 0.0 0.0 0.0 0.0 0.0 0.0 0.0 0.0 
1280760028817 0 0.0 0.0 0.0 0.0 0.0 0.0 0.0 0.0 0.0 0.0 0.0 0.0 
1280760028827 0 0.0 0.0 0.0 0.0 0.0 0.0 0.0 0.0 0.0 0.0 0.0 0.0 
1280760028837 0 0.0 0.0 0.0 0.0 0.0 0.0 0.0 0.0 0.0 0.0 0.0 0.0 
1280760028847 0 0.0 0.0 0.0 0.0 0.0 0.0 0.0 0.0 0.0 0.0 0.0 0.0 
1280760028858 0 0.0 0.0 0.0 0.0 0.0 0.0 0.0 0.0 0.0 0.0 0.0 0.0 
1280760028867 0 0.0 0.0 0.0 0.0 0.0 0.0 0.0 0.0 0.0 0.0 0.0 0.0 
1280760028877 0 0.0 0.0 0.0 0.0 0.0 0.0 0.0 0.0 0.0 0.0 0.0 0.0 
1280760028887 0 0.0 0.0 0.0 0.0 0.0 0.0 0.0 0.0 0.0 0.0 0.0 0.0 
1280760028897 0 0.0 0.0 0.0 0.0 0.0 0.0 0.0 0.0 0.0 0.0 0.0 0.0 
1280760028908 0 0.0 0.0 0.0 0.0 0.0 0.0 0.0 0.0 0.0 0.0 0.0 0.0 
1280760028917 0 0.0 0.0 0.0 0.0 0.0 0.0 0.0 0.0 0.0 0.0 0.0 0.0 
1280760028927 0 0.0 0.0 0.0 0.0 0.0 0.0 0.0 0.0 0.0 0.0 0.0 0.0 
1280760028937 0 0.0 0.0 0.0 0.0 0.0 0.0 0.0 0.0 0.0 0.0 0.0 0.0 
1280760028947 0 0.0 0.0 0.0 0.0 0.0 0.0 0.0 0.0 0.0 0.0 0.0 0.0 
1280760028958 0 0.0 0.0 0.0 0.0 0.0 0.0 0.0 0.0 0.0 0.0 0.0 0.0 
1280760028967 0 0.0 0.0 0.0 0.0 0.0 0.0 0.0 0.0 0.0 0.0 0.0 0.0 
1280760028977 0 0.0 0.0 0.0 0.0 0.0 0.0 0.0 0.0 0.0 0.0 0.0 0.0 
1280760028987 0 0.0 0.0 0.0 0.0 0.0 0.0 0.0 0.0 0.0 0.0 0.0 0.0 
1280760028997 0 0.0 0.0 0.0 0.0 0.0 0.0 0.0 0.0 0.0 0.0 0.0 0.0 
1280760029008 0 0.0 0.0 0.0 0.0 0.0 0.0 0.0 0.0 0.0 0.0 0.0 0.0 
1280760029017 0 0.0 0.0 0.0 0.0 0.0 0.0 0.0 0.0 0.0 0.0 0.0 0.0 
1280760029027 0 0.0 0.0 0.0 0.0 0.0 0.0 0.0 0.0 0.0 0.0 0.0 0.0 
1280760029037 0 0.0 0.0 0.0 0.0 0.0 0.0 0.0 0.0 0.0 0.0 0.0 0.0 
1280760029047 0 0.0 0.0 0.0 0.0 0.0 0.0 0.0 0.0 0.0 0.0 0.0 0.0 
1280760029058 0 0.0 0.0 0.0 0.0 0.0 0.0 0.0 0.0 0.0 0.0 0.0 0.0 
1280760029067 0 0.0 0.0 0.0 0.0 0.0 0.0 0.0 0.0 0.0 0.0 0.0 0.0 
1280760029077 0 0.0 0.0 0.0 0.0 0.0 0.0 0.0 0.0 0.0 0.0 0.0 0.0 
1280760029087 0 0.0 0.0 0.0 0.0 0.0 0.0 0.0 0.0 0.0 0.0 0.0 0.0 
1280760029097 0 0.0 0.0 0.0 0.0 0.0 0.0 0.0 0.0 0.0 0.0 0.0 0.0 
1280760029108 0 0.0 0.0 0.0 0.0 0.0 0.0 0.0 0.0 0.0 0.0 0.0 0.0 
1280760029117 0 0.0 0.0 0.0 0.0 0.0 0.0 0.0 0.0 0.0 0.0 0.0 0.0 
1280760029127 0 0.0 0.0 0.0 0.0 0.0 0.0 0.0 0.0 0.0 0.0 0.0 0.0 
1280760029137 0 0.0 0.0 0.0 0.0 0.0 0.0 0.0 0.0 0.0 0.0 0.0 0.0 
1280760029147 0 0.0 0.0 0.0 0.0 0.0 0.0 0.0 0.0 0.0 0.0 0.0 0.0 
1280760029158 0 0.0 0.0 0.0 0.0 0.0 0.0 0.0 0.0 0.0 0.0 0.0 0.0 
1280760029167 0 0.0 0.0 0.0 0.0 0.0 0.0 0.0 0.0 0.0 0.0 0.0 0.0 
1280760029177 0 0.0 0.0 0.0 0.0 0.0 0.0 0.0 0.0 0.0 0.0 0.0 0.0 
1280760029187 0 0.0 0.0 0.0 0.0 0.0 0.0 0.0 0.0 0.0 0.0 0.0 0.0 
1280760029197 0 0.0 0.0 0.0 0.0 0.0 0.0 0.0 0.0 0.0 0.0 0.0 0.0 
1280760029208 0 0.0 0.0 0.0 0.0 0.0 0.0 0.0 0.0 0.0 0.0 0.0 0.0 
1280760029217 0 0.0 0.0 0.0 0.0 0.0 0.0 0.0 0.0 0.0 0.0 0.0 0.0 
1280760029227 0 0.0 0.0 0.0 0.0 0.0 0.0 0.0 0.0 0.0 0.0 0.0 0.0 
1280760029238 0 0.0 0.0 0.0 0.0 0.0 0.0 0.0 0.0 0.0 0.0 0.0 0.0 
1280760029248 0 0.0 0.0 0.0 0.0 0.0 0.0 0.0 0.0 0.0 0.0 0.0 0.0 
1280760029258 0 0.0 0.0 0.0 0.0 0.0 0.0 0.0 0.0 0.0 0.0 0.0 0.0 
1280760029267 0 0.0 0.0 0.0 0.0 0.0 0.0 0.0 0.0 0.0 0.0 0.0 0.0 
1280760029278 0 0.0 0.0 0.0 0.0 0.0 0.0 0.0 0.0 0.0 0.0 0.0 0.0 
1280760029287 0 0.0 0.0 0.0 0.0 0.0 0.0 0.0 0.0 0.0 0.0 0.0 0.0 
1280760029297 0 0.0 0.0 0.0 0.0 0.0 0.0 0.0 0.0 0.0 0.0 0.0 0.0 
1280760029308 0 0.0 0.0 0.0 0.0 0.0 0.0 0.0 0.0 0.0 0.0 0.0 0.0 
1280760029317 0 0.0 0.0 0.0 0.0 0.0 0.0 0.0 0.0 0.0 0.0 0.0 0.0 
1280760029327 0 0.0 0.0 0.0 0.0 0.0 0.0 0.0 0.0 0.0 0.0 0.0 0.0 
1280760029337 0 0.0 0.0 0.0 0.0 0.0 0.0 0.0 0.0 0.0 0.0 0.0 0.0 
1280760029347 0 0.0 0.0 0.0 0.0 0.0 0.0 0.0 0.0 0.0 0.0 0.0 0.0 
1280760029358 0 0.0 0.0 0.0 0.0 0.0 0.0 0.0 0.0 0.0 0.0 0.0 0.0 
1280760029367 0 0.0 0.0 0.0 0.0 0.0 0.0 0.0 0.0 0.0 0.0 0.0 0.0 
1280760029377 0 0.0 0.0 0.0 0.0 0.0 0.0 0.0 0.0 0.0 0.0 0.0 0.0 
1280760029387 0 0.0 0.0 0.0 0.0 0.0 0.0 0.0 0.0 0.0 0.0 0.0 0.0 
1280760029398 0 0.0 0.0 0.0 0.0 0.0 0.0 0.0 0.0 0.0 0.0 0.0 0.0 
1280760029408 0 0.0 0.0 0.0 0.0 0.0 0.0 0.0 0.0 0.0 0.0 0.0 0.0 
1280760029418 0 0.0 0.0 0.0 0.0 0.0 0.0 0.0 0.0 0.0 0.0 0.0 0.0 
1280760029427 0 0.0 0.0 0.0 0.0 0.0 0.0 0.0 0.0 0.0 0.0 0.0 0.0 
1280760029437 0 0.0 0.0 0.0 0.0 0.0 0.0 0.0 0.0 0.0 0.0 0.0 0.0 
1280760029448 0 0.0 0.0 0.0 0.0 0.0 0.0 0.0 0.0 0.0 0.0 0.0 0.0 
1280760029458 0 0.0 0.0 0.0 0.0 0.0 0.0 0.0 0.0 0.0 0.0 0.0 0.0 
1280760029468 0 0.0 0.0 0.0 0.0 0.0 0.0 0.0 0.0 0.0 0.0 0.0 0.0 
1280760029478 0 0.0 0.0 0.0 0.0 0.0 0.0 0.0 0.0 0.0 0.0 0.0 0.0 
1280760029488 0 0.0 0.0 0.0 0.0 0.0 0.0 0.0 0.0 0.0 0.0 0.0 0.0 
1280760029498 0 0.0 0.0 0.0 0.0 0.0 0.0 0.0 0.0 0.0 0.0 0.0 0.0 
1280760029508 0 0.0 0.0 0.0 0.0 0.0 0.0 0.0 0.0 0.0 0.0 0.0 0.0 
1280760029518 0 0.0 0.0 0.0 0.0 0.0 0.0 0.0 0.0 0.0 0.0 0.0 0.0 
1280760029528 0 0.0 0.0 0.0 0.0 0.0 0.0 0.0 0.0 0.0 0.0 0.0 0.0 
1280760029538 0 0.0 0.0 0.0 0.0 0.0 0.0 0.0 0.0 0.0 0.0 0.0 0.0 
1280760029548 0 0.0 0.0 0.0 0.0 0.0 0.0 0.0 0.0 0.0 0.0 0.0 0.0 
1280760029558 0 0.0 0.0 0.0 0.0 0.0 0.0 0.0 0.0 0.0 0.0 0.0 0.0 
1280760029567 0 0.0 0.0 0.0 0.0 0.0 0.0 0.0 0.0 0.0 0.0 0.0 0.0 
1280760029578 0 0.0 0.0 0.0 0.0 0.0 0.0 0.0 0.0 0.0 0.0 0.0 0.0 
1280760029587 0 0.0 0.0 0.0 0.0 0.0 0.0 0.0 0.0 0.0 0.0 0.0 0.0 
1280760029598 0 0.0 0.0 0.0 0.0 0.0 0.0 0.0 0.0 0.0 0.0 0.0 0.0 
1280760029608 0 182.0481357832969 -2704.1253030805556 101.01497142337307 -0.7709816222940932 -0.6187088319348941 0.15095270574099495 0.58036921562282 -0.7801684375625734 -0.23347116007876817 0.26221920532661425 -0.09239367032936902 0.9605750871436066 
1280760029618 0 187.27748926732014 -2696.2650687734495 102.69184778207745 -0.7712941050953686 -0.6257459841416091 0.11639315605216587 0.5818394372264377 -0.7673212952106777 -0.26959395246227313 0.25800828035773765 -0.14021409788911113 0.9559140829697961 
1280760029628 0 183.28428827141303 -2693.483137722885 100.27068150260158 -0.744208671888108 -0.65315636536053 0.13978631934334673 0.6089362098517915 -0.7494413612761913 -0.2598736968987517 0.27449980877565894 -0.10827930733760303 0.9554713216965831 
1280760029638 0 183.34543234716642 -2689.0008878534863 100.2618388628895 -0.7268035261947466 -0.6731393965237766 0.1365283382982746 0.6267892644110338 -0.7313052330392575 -0.26893842073692736 0.2808769344925951 -0.1098908957876089 0.9534317692908285 
1280760029648 0 192.92398781008853 -2679.01252463481 105.65342678388066 -0.7492848517987327 -0.6572737375893678 0.08101508958369313 0.612875541564178 -0.7345646806105388 -0.29120147759232357 0.2509099069733328 -0.16854068907785982 0.9532251857288461 
1280760029658 0 184.97750797131297 -2678.3644457822925 100.96782377083758 -0.7095323655439512 -0.6933982865618469 0.1255493466279284 0.6456679689733347 -0.711087089429414 -0.2783307835807127 0.2822706079057007 -0.11642150763454093 0.9522443680445934 
1280760029668 0 186.0180076423218 -2673.0223275436774 102.47719221093024 -0.7066116318055806 -0.6963637352473696 0.12560871796728887 0.6523274806437395 -0.7098491863728922 -0.26567459532807186 0.2741693998134116 -0.10579074079556457 0.9558448929443938 
1280760029678 0 182.32783290119093 -2669.0120170744144 98.03401855205622 -0.6974459981795945 -0.7102304172677965 0.09561293851190186 0.6555785069958151 -0.6862076061799539 -0.3151760498291635 0.2894579430390659 -0.1571364871962873 0.944204545426045 
1280760029688 0 182.1768125060667 -2663.9022724129295 100.28302359615294 -0.6713996464306209 -0.7310581081464558 0.12155886346195563 0.6797848041821313 -0.6728396255037139 -0.29185520100742335 0.29515273126958974 -0.11331761057023387 0.9487064795598025 
1280760029698 0 183.03602827323488 -2657.6334343124286 102.57618504645507 -0.6741430079125478 -0.7254203741889841 0.13891179069516363 0.6816945536478473 -0.683491349803361 -0.26102128317599294 0.2842951642386569 -0.08127026181509404 0.9552860326284591 
1280760029708 0 181.66168143394967 -2652.9804035416128 102.89033313360143 -0.6621109634634214 -0.736819607698822 0.13676965223357784 0.6938467744050758 -0.6716891597080834 -0.25963498681479846 0.28317084191210734 -0.07700998922998696 0.9559726648024961 
1280760029718 0 179.74500543358965 -2646.554791625603 100.57735647796079 -0.6479642517949145 -0.7535815667259719 0.11071201690280154 0.7037560367158192 -0.6479321687213745 -0.29139551390173946 0.29132416511834225 -0.1108996259094048 0.9501744596605692 
1280760029728 0 179.61292724847044 -2640.8659608220546 102.72089461656942 -0.6290140867079272 -0.7674283108103949 0.12407685718817993 0.7157001487123861 -0.633984296634957 -0.29297987772771567 0.3035038316991412 -0.09548664507135339 0.9480336095080998 
1280760029738 0 177.9059232546195 -2636.4526609352743 102.28368392625981 -0.6443245397928045 -0.7570428975316696 0.10831407442084684 0.7137163803698867 -0.6461366322520391 -0.2704004083830131 0.2746903999278057 -0.09692008955241001 0.9566356048301022 
1280760029748 0 177.7951934492038 -2629.318899787468 103.55722033094406 -0.6165276586813282 -0.778114351983624 0.12013201620727232 0.7291126366486866 -0.6218353066033606 -0.2858594314356353 0.29713365538107567 -0.08865047489218081 0.95071167245452 
1280760029758 0 170.96491939614577 -2626.275032094199 99.98921049034269 -0.595433435214439 -0.7897130865016694 0.14768976009439366 0.7430495524305368 -0.6112218154885506 -0.2725532148107215 0.30551004379809116 -0.05254648683677429 0.9507378607479573 
1280760029768 0 173.11487456135768 -2620.058711052572 102.73487851990596 -0.6127228423993136 -0.7781508721125302 0.13802876016473786 0.7396736655532129 -0.6261639722112012 -0.24657969987767397 0.2783048452491974 -0.048988775604201076 0.9592426767901964 
1280760029778 0 163.07237222000788 -2618.3701667185965 95.82453678332672 -0.5955858046340591 -0.7914645003783359 0.1373371543293053 0.7493431722207603 -0.6090044395488191 -0.2599969285510051 0.28941727585707144 -0.051937821004540544 0.9557929185680191 
1280760029787 0 160.73085912554487 -2612.800752713763 94.74619158015813 -0.5850954566885366 -0.7997293171427257 0.13452258496201522 0.7552558320732498 -0.5977734472411529 -0.2688038948616103 0.2953843846275154 -0.055676970785579996 0.9537547589618444 
1280760029798 0 162.2464202335492 -2605.543748231825 97.49092341818027 -0.5778885125576987 -0.8058345917762462 0.12913356554614852 0.760374429414886 -0.589109299470217 -0.27346107651674495 0.2964381792985468 -0.05984015353022633 0.9531755147293923 
1280760029808 0 163.53409462065324 -2599.3601556625813 101.04550134966304 -0.5717667009839226 -0.8023314000979547 0.1713101399883193 0.7666112072211484 -0.5968650915994234 -0.23676849324381316 0.29221583907942994 -0.004048067053279855 0.9563438275767964 
1280760029818 0 166.920739076271 -2590.4415374162345 107.46453525304923 -0.5210107434205242 -0.8139259102112172 0.2570455561320488 0.7883905691471279 -0.574300405196855 -0.22049797067228516 0.32709037851985256 0.08777048067300174 0.9409081926533374 
1280760029828 0 166.58916813986406 -2585.194493155094 107.53187340491479 -0.5256275084385029 -0.8139525385612693 0.24738024848883364 0.7910677157601279 -0.5746189615819627 -0.2098211573519706 0.31293384517304146 0.08540675593963505 0.9459271084946675 
1280760029838 0 164.11672822067882 -2581.4431796797303 106.6787722054142 -0.5054047510906621 -0.8290337321494626 0.2393096498959437 0.8055104493958934 -0.5527323053389863 -0.2136350030979839 0.30938479841293426 0.08479427806746613 0.9471488673476867 
1280760029848 0 160.4575812420792 -2577.0204412734165 103.99149574083629 -0.48532258139238427 -0.8405351817708792 0.24075423193794063 0.8144956917336247 -0.5347459402061359 -0.22504121307089478 0.3178974050507439 0.08687570223285027 0.9441365643928595 
1280760029858 0 158.60673946714667 -2573.5323510387852 102.39829538719724 -0.4734191213807328 -0.8463291430357799 0.24413380994736736 0.8250910852172587 -0.5231185149690448 -0.21347533907125496 0.3083813168888496 0.10036932272812985 0.945952938813023 
1280760029868 0 155.4661954243693 -2570.558941800213 99.56337546835859 -0.454373726884012 -0.8564825409743888 0.2449125830242041 0.8341851274833527 -0.505552596059261 -0.2203446067035097 0.31253750079489 0.10418363414565734 0.9441748148373201 
1280760029878 0 155.4292801918751 -2567.6504834718326 98.18800975557374 -0.4499629045149053 -0.8622780802998311 0.23240029430908238 0.8422021409286069 -0.4962793490916192 -0.21071867852772214 0.29703356439261364 0.10091243679367116 0.9495197426723581 
1280760029888 0 155.0028370078243 -2566.0309948783884 96.13031218592481 -0.4577271506350183 -0.8576307315925732 0.23442564663350043 0.8463638583011587 -0.5010669764452723 -0.18055499017631424 0.2723124582774782 0.11576447358313544 0.955219614393934 
1280760029898 0 154.1491186267767 -2564.816929727088 92.59542367697473 -0.4480103099695893 -0.8737124190026765 0.18950823475892514 0.8554434369611604 -0.48053462583090206 -0.1931398445107374 0.259813949435032 0.07558493406788369 0.962696021296922 
1280760029908 0 152.02978823810275 -2563.4011071621744 89.20080522272403 -0.4436661016772323 -0.8777060320313292 0.18108702758162168 0.8651961521763634 -0.47216854576643874 -0.16879716421795013 0.23365788769425896 0.08178621964992447 0.9688730596902939 
1280760029918 0 156.81346284914568 -2559.9566491798987 90.53657343776554 -0.4817859686652468 -0.8657241926761886 0.13566098412016409 0.8544762625801464 -0.49845621008469587 -0.1463274523630693 0.1943002755642787 0.04542057730988327 0.9798899805960274 
1280760029928 0 119.73468246075119 -2575.2489843243334 56.935774613309434 -0.47460166365430717 -0.875547081951699 0.09039119504923544 0.8637987942728039 -0.48302788924159706 -0.14330283049422837 0.16912984322529828 0.010068043537475466 0.9855423535444396 
1280760029937 0 124.8269657601028 -2570.1970397082405 59.908157031039806 -0.46688156561405203 -0.8817809618752693 0.06696222042388061 0.8708658262406505 -0.47161667812657143 -0.1384572916066436 0.1536695037278407 -0.006328047659639749 0.988102038980214 
1280760029948 0 126.7727361676809 -2568.5398108435975 59.252392036030884 -0.48891626081891293 -0.8722665844900098 0.01057806641051566 0.8653534955409073 -0.48650069773485877 -0.12033452895419655 0.11011002525649276 -0.0496797411992874 0.9926770399542775 
1280760029958 0 121.86349911294297 -2566.690205406528 54.146136405523016 -0.44505853546196644 -0.8954584779614503 0.008775776855204934 0.8859092184171669 -0.4417006251672457 -0.14165244244399366 0.1307201466336928 -0.05526908696393625 0.9898775536854236 
1280760029968 0 140.83185558055325 -2555.3064246822296 69.0270671504656 -0.42998715686595557 -0.9028253786031636 -0.0041690143183542305 0.8935252761339593 -0.4248873113038579 -0.14520107989512532 0.1293198586453919 -0.06615971918798533 0.9893933826931041 
1280760029978 0 146.12216626660285 -2555.18176503754 75.1409997060754 -0.48593711702250575 -0.8710992484349641 0.07107191903907135 0.8713078608696551 -0.48920970048187495 -0.03868437076107316 0.06846699852192649 0.04312735014436897 0.9967207742306385 
1280760029988 0 145.8457046061181 -2554.2116872552965 73.1246324509836 -0.49160122311457216 -0.8690439908118235 0.05559477912642707 0.8697338950583651 -0.4931744297215836 -0.018491448169245098 0.04348780540406381 0.03926224525737629 0.9982821679657954 
1280760029998 0 145.6824455129405 -2553.7381288821994 72.20324244178227 -0.4943997833998351 -0.8678403715660148 0.04921324673660149 0.8687428731063398 -0.49523168548058943 -0.005603402805135743 0.02923481830178233 0.03998333623168524 0.998772575826272 
1280760030008 0 145.1863423438857 -2553.0300483565065 71.32896733348659 -0.48648692569701746 -0.8723244541394058 0.04879055068609378 0.873329148542051 -0.48712841398127654 -0.0014514127264300264 0.02503336638730401 0.04190411677238559 0.9988079773233918 
1280760030018 0 145.63899163138697 -2552.6831468579526 70.62790316561151 -0.48944620949808515 -0.8714682482428249 0.03139267928257686 0.871908142698675 -0.48966900768443655 6.735050752880133E-4 0.014785083824711285 0.027701177193784194 0.9995069014661058 
1280760030028 0 145.38125556264782 -2552.755812951973 70.0979996222662 -0.49107950295072156 -0.8708308884068083 0.02223703168773054 0.8710148629470456 -0.4912497581379298 -0.002604545020687206 0.013192054692563678 0.018089746433665874 0.9997493339667471 
1280760030038 0 143.23105511787745 -2552.326690417119 67.05960166622992 -0.4778277242337431 -0.8782743259813142 -0.017744697114068855 0.8782078664109665 -0.47711888681029074 -0.03329431216899934 0.02077520944538907 -0.03149247800629602 0.9992880538170774 
1280760030048 0 140.861932947356 -2552.675091677389 62.507521381728864 -0.44820120289477017 -0.8912629112459411 -0.06903698111223316 0.8924834213843644 -0.4417423210219348 -0.0913075263722168 0.05088245550030212 -0.10253850425846713 0.9934268120333261 
1280760030058 0 140.27517069215838 -2552.7531347136473 61.86073069441878 -0.4436329792621814 -0.8930727107710942 -0.07490602770759262 0.8945373795002604 -0.43615450149302276 -0.09783725008492483 0.05470517697410567 -0.1104100724723181 0.9923794433123297 
1280760030068 0 140.19934614981852 -2552.8198656127684 61.862498183023945 -0.4454826135932477 -0.8921641782879769 -0.07475506648962497 0.8937324153421592 -0.43823022348372376 -0.09589911882846357 0.052797829053848264 -0.10953241622982961 0.9925799912561484 
1280760030078 0 140.0488816988531 -2552.836346429588 61.4210326143877 -0.44373220432722005 -0.8927131341063298 -0.0785174568931033 0.89450584932675 -0.43589009750627933 -0.09929304314097637 0.05441522179625612 -0.11429384537244505 0.9919555940397956 
1280760030088 0 139.92954598490655 -2552.763389995368 61.12638149506079 -0.4408834422522965 -0.893800742843601 -0.08210981938838473 0.8957934885987904 -0.4324248468891079 -0.10277537437022757 0.05635437988102403 -0.11886540238925214 0.9913098405559517 
1280760030098 0 140.17679611130495 -2552.7972506986503 61.34728091608669 -0.4446893556618291 -0.8922204592943526 -0.0787021535768977 0.8940644957897796 -0.43688499700800076 -0.0988947761890679 0.053852152503256236 -0.11434225555713624 0.9919807428901387 
1280760030108 0 140.1885528279317 -2552.7086841610612 61.15043642409329 -0.4424708777133485 -0.8930887434592327 -0.08131432027624647 0.8950694053902064 -0.4342037661018344 -0.10157681348322621 0.055410124616370376 -0.11772674211661689 0.991498932062262 
1280760030118 0 140.41287507769698 -2552.725773152905 61.55034497177277 -0.4453004197507113 -0.8921936436791916 -0.07548535187894444 0.8937906842538702 -0.43790414105428027 -0.09684098300054332 0.05334556130400013 -0.11059143468623935 0.992433265093024 
1280760030128 0 140.3496675953783 -2552.769785948636 61.44102417499752 -0.4446613296879701 -0.892451470257951 -0.07620154273076 0.8940770962800361 -0.4371300056859045 -0.09769085953404424 0.053874370414748955 -0.11156940155554582 0.992295228673882 
1280760030138 0 140.25044582843242 -2552.7999692118196 61.27910128772528 -0.44385736637568096 -0.8926765470550752 -0.07822544759777775 0.8944632881669233 -0.4360869465661839 -0.09881093642000267 0.05409310894799862 -0.11382775308513489 0.9920268031620567 
1280760030148 0 140.45383838470184 -2552.772582575073 61.58532127697623 -0.44530014249048283 -0.8922822107074719 -0.07443278547079978 0.8938131751541334 -0.43806377790154705 -0.09590690492091838 0.05296971794187448 -0.10923636274432813 0.9926034586054728 
1280760030158 0 140.5407559620426 -2552.7046762820596 61.606487650338586 -0.44547017828150454 -0.8921873686319948 -0.07455212616258172 0.8937621159216889 -0.4382885522373409 -0.09535420872138316 0.052398477125103336 -0.10910932238453609 0.9926477498910459 
1280760030168 0 140.4029272488092 -2552.746531056952 61.37726873943028 -0.4441129946320735 -0.8926641021632189 -0.07690545304506152 0.8943647978015408 -0.4365438516385716 -0.09767842161895376 0.05362141785090324 -0.11216178629861015 0.9922421464753267 
1280760030178 0 140.44177571216642 -2552.725459762305 61.424782128324175 -0.44421605675474607 -0.8927259737698194 -0.0755806236941193 0.8943494242163177 -0.4368642429757566 -0.0963781127287742 0.053020772582125404 -0.11040819247658623 0.9924710719758274 
1280760030188 0 140.42437022956787 -2552.7935373546666 61.4364677332804 -0.4456581035180687 -0.8921636576304595 -0.07370795596215471 0.8936999272665991 -0.4386293608604643 -0.0943648440618445 0.05185841081593196 -0.10792725232572725 0.9928053250426616 
1280760030198 0 140.37020160244106 -2552.7418073031417 61.345984516283195 -0.4443490089554784 -0.8927460442769739 -0.07455507137747103 0.8942966387959264 -0.4371332416157464 -0.09564544376402914 0.0527965915433255 -0.109174307885716 0.9926195093887098 
1280760030208 0 140.52046371432 -2552.659366504009 61.3491161505445 -0.44396594810708384 -0.8927320648339249 -0.07696555943235532 0.8944868252789896 -0.43649546441900816 -0.09677307964485293 0.05279731360299269 -0.11180863096823837 0.9923261932032813 
1280760030218 0 139.9423896575202 -2552.443106464769 60.39183307306468 -0.4381433305859594 -0.8948735511623426 -0.0850396924567628 0.8970743629171233 -0.42925515385608354 -0.10486944399980133 0.0573411654911209 -0.12223477540408928 0.990843403582035 
1280760030228 0 140.37309647849673 -2552.5441351850336 60.903723548450934 -0.44251072159324056 -0.8931292762625753 -0.0806495949011398 0.8950951571073131 -0.4344149528543356 -0.10044057178052988 0.05467102521504398 -0.11663509171451684 0.9916689641118565 
1280760030238 0 139.66345159843658 -2552.44470709757 59.88236087024058 -0.4343431994797773 -0.8960978252944378 -0.09140389799264347 0.8987193229941659 -0.4243224079791062 -0.11069811454456206 0.06041161761266161 -0.13022742257064027 0.9896419831777695 
1280760030248 0 140.20636826489414 -2552.750057741508 60.86447478540661 -0.44117110404380666 -0.8940161310019492 -0.07812307255269849 0.8957402224775766 -0.4333436236314668 -0.09931141774122028 0.05493187410411373 -0.11379130619803586 0.9919848929500663 
1280760030258 0 140.38005289950306 -2552.7083039187837 60.968104347462834 -0.4422227418349612 -0.8935337201676592 -0.0776951576825251 0.8952852318065025 -0.4345604276369106 -0.09808969589718548 0.053883209937291204 -0.11293682152145317 0.9921400475897973 
1280760030268 0 140.47900275693823 -2552.6506035010843 60.941474819138804 -0.4425425068273472 -0.8931243520082958 -0.08052963119702718 0.8951875914354449 -0.4346932031554125 -0.09839204881744378 0.05287065150888829 -0.11563179052600171 0.9918840573518544 
1280760030278 0 140.40870580608063 -2552.578260415016 60.96083173092676 -0.44189166160291155 -0.8936303858317531 -0.078463322157616 0.8956043415807862 -0.43448450778140324 -0.09547814325592158 0.05123107208974315 -0.11246308734933277 0.9923343344036786 
1280760030288 0 140.25901584724906 -2552.482493083173 60.583767287896976 -0.4399899156391619 -0.8941470225488335 -0.0831262666243293 0.8965366590422661 -0.43209822271820175 -0.09753535214014886 0.05129223263979403 -0.11744031671801286 0.9917544448501343 
1280760030298 0 140.30312811268269 -2552.456185810607 60.55420096845623 -0.43936869155816627 -0.8943416771785293 -0.08430965152318028 0.8969086962218766 -0.43151417496212896 -0.09669698779344985 0.05009933652293598 -0.1181036886310004 0.9917366460969934 
1280760030308 0 140.28621453875138 -2552.3156886388815 60.43936173553278 -0.4386179159634236 -0.894488990447997 -0.08662430238233321 0.8973392985504623 -0.43067647845757073 -0.09643627004581673 0.048954132336986034 -0.1200300665279681 0.9915625426852427 
1280760030318 0 139.71872306626597 -2552.972490142194 59.42886868556178 -0.4515098116291232 -0.8860729050227322 -0.1049461623272134 0.8915265367167385 -0.44321620604539175 -0.09348705273237955 0.036322504490901575 -0.1357726102102518 0.9900739739959854 
1280760030328 0 140.40490802264162 -2552.296631781974 60.64681594448662 -0.44001148350422065 -0.8937923850870586 -0.08674714257427786 0.8969446866071908 -0.43277829250040134 -0.09051617925854552 0.043360391505878296 -0.11763554692704156 0.9921097492453307 
1280760030338 0 140.33863217538396 -2552.2774566901267 60.762396304086614 -0.43931598109233627 -0.8942816259966196 -0.08521644302433776 0.8973443587273507 -0.432405486826415 -0.08830966437831558 0.04212565271990159 -0.11526434126499485 0.992441212876445 
1280760030348 0 140.50163795024207 -2552.1839507518907 60.972385119404166 -0.4400844801284506 -0.8937993447428647 -0.08630400736522638 0.8971165556425322 -0.43348165507447073 -0.08529677781708299 0.038827000169348855 -0.11496254194790255 0.9926107384099396 
1280760030358 0 140.77657717651275 -2552.1090255657546 61.393699015904986 -0.4425902119363647 -0.8929522211749985 -0.08215981375806683 0.8960913138392068 -0.43697654822341386 -0.07792209933436323 0.03367879986055992 -0.10811025391417295 0.9935682721577643 
1280760030368 0 140.51182822234787 -2552.1839431033904 61.49630546481282 -0.4425630729557992 -0.8931273352702834 -0.08038339037962183 0.8961774052051842 -0.43733880028161554 -0.0748387076848637 0.031685720058461424 -0.10515862666105891 0.9939505412157776 
1280760030378 0 140.923722123655 -2552.065299561657 61.948844234455905 -0.44510002231324547 -0.8919679230196291 -0.07924136824157815 0.8950749987648314 -0.440489045211098 -0.0693552278862397 0.0269576839302885 -0.10179698106065964 0.9944398714472638 
1280760030388 0 141.08787712645812 -2552.0080333398255 62.35582253130651 -0.44715725536266165 -0.8912080190305334 -0.07614890539071402 0.8941804523877821 -0.4432863384936574 -0.06275779371893253 0.02217447956802715 -0.09615346546307704 0.9951194920889292 
1280760030398 0 140.87103244786098 -2551.899458323367 62.26016865493691 -0.4454849851285536 -0.8918187335762708 -0.07875579005653362 0.8950447573769575 -0.4415804014008097 -0.06246304019756735 0.020928696018516213 -0.09831630353667828 0.9949351205690993 
1280760030408 0 140.87918210935769 -2551.8453315824313 62.61484655957128 -0.44608618847415066 -0.891694155557113 -0.07673750971911736 0.8948376370610296 -0.4427857127279946 -0.056625223204812364 0.01651410765489742 -0.09392734186193555 0.9954420820414982 
1280760030418 0 140.93530816125397 -2551.772091456353 63.092747555492174 -0.4478068693569118 -0.8910713536834609 -0.07389756695241123 0.8940569640986902 -0.4451796834893006 -0.04977142106670626 0.011452192078155649 -0.08835661861507887 0.9960230696341899 
1280760030428 0 140.93262496402747 -2551.8282457066107 63.69008489264339 -0.44906639630217904 -0.8906664576274952 -0.07108187511218117 0.8934911755991348 -0.44731979465550614 -0.03973059823148635 0.003590381407349956 -0.08135270472851694 0.9966789084728868 
1280760030438 0 141.16233795944603 -2551.92536984275 64.41061429668842 -0.45280146800802173 -0.8891777244691648 -0.065831640398966 0.8916065918557075 -0.4518047900247298 -0.030168146614596495 -0.002918206509219319 -0.07235610560656311 0.997374592644219 
1280760030448 0 141.87459175560562 -2551.912043897024 65.80492264509637 -0.45881061997286005 -0.8867292322056424 -0.05660462659634569 0.8884255972040478 -0.4588182163808646 -0.013630940896110506 -0.01388428005879163 -0.05654301963172841 0.998303617993131 
1280760030458 0 141.96450746116247 -2551.9388570876577 66.46307563117813 -0.46059356740753515 -0.8859834389780646 -0.053729987152453244 0.8873398762703363 -0.4611048990312495 -0.0031962587388699726 -0.02194332799155458 -0.04914893636675824 0.9985503855142576 
1280760030468 0 141.2028578286923 -2551.780556382768 66.17005182256597 -0.45528077034655035 -0.8881579824510362 -0.06240847988179916 0.8900321257539592 -0.4558665939626688 -0.005335132122450945 -0.023711500976117787 -0.05797453507688098 0.9980364312008254 
1280760030478 0 141.0346485915611 -2551.599935001214 67.16934005193217 -0.45376330766117773 -0.8887797264848338 -0.06457134356609921 0.8903879409411986 -0.4551385778881857 0.0076282071558577275 -0.03616870535255672 -0.05403214513105912 0.9978839371618604 
