76427 0 0.0 0.0 0.0 0.0 0.0 0.0 0.0 0.0 0.0 0.0 0.0 0.0 
76430 0 0.0 0.0 0.0 0.0 0.0 0.0 0.0 0.0 0.0 0.0 0.0 0.0 
76438 0 0.0 0.0 0.0 0.0 0.0 0.0 0.0 0.0 0.0 0.0 0.0 0.0 
76448 0 0.0 0.0 0.0 0.0 0.0 0.0 0.0 0.0 0.0 0.0 0.0 0.0 
76458 0 0.0 0.0 0.0 0.0 0.0 0.0 0.0 0.0 0.0 0.0 0.0 0.0 
76468 0 0.0 0.0 0.0 0.0 0.0 0.0 0.0 0.0 0.0 0.0 0.0 0.0 
76478 0 0.0 0.0 0.0 0.0 0.0 0.0 0.0 0.0 0.0 0.0 0.0 0.0 
76488 0 0.0 0.0 0.0 0.0 0.0 0.0 0.0 0.0 0.0 0.0 0.0 0.0 
76498 0 0.0 0.0 0.0 0.0 0.0 0.0 0.0 0.0 0.0 0.0 0.0 0.0 
76508 0 0.0 0.0 0.0 0.0 0.0 0.0 0.0 0.0 0.0 0.0 0.0 0.0 
76518 0 0.0 0.0 0.0 0.0 0.0 0.0 0.0 0.0 0.0 0.0 0.0 0.0 
76528 0 0.0 0.0 0.0 0.0 0.0 0.0 0.0 0.0 0.0 0.0 0.0 0.0 
76538 0 0.0 0.0 0.0 0.0 0.0 0.0 0.0 0.0 0.0 0.0 0.0 0.0 
76548 0 0.0 0.0 0.0 0.0 0.0 0.0 0.0 0.0 0.0 0.0 0.0 0.0 
76558 0 0.0 0.0 0.0 0.0 0.0 0.0 0.0 0.0 0.0 0.0 0.0 0.0 
76568 0 0.0 0.0 0.0 0.0 0.0 0.0 0.0 0.0 0.0 0.0 0.0 0.0 
76578 0 0.0 0.0 0.0 0.0 0.0 0.0 0.0 0.0 0.0 0.0 0.0 0.0 
76588 0 0.0 0.0 0.0 0.0 0.0 0.0 0.0 0.0 0.0 0.0 0.0 0.0 
76598 0 0.0 0.0 0.0 0.0 0.0 0.0 0.0 0.0 0.0 0.0 0.0 0.0 
76608 0 0.0 0.0 0.0 0.0 0.0 0.0 0.0 0.0 0.0 0.0 0.0 0.0 
76618 0 0.0 0.0 0.0 0.0 0.0 0.0 0.0 0.0 0.0 0.0 0.0 0.0 
76628 0 0.0 0.0 0.0 0.0 0.0 0.0 0.0 0.0 0.0 0.0 0.0 0.0 
76638 0 0.0 0.0 0.0 0.0 0.0 0.0 0.0 0.0 0.0 0.0 0.0 0.0 
76648 0 0.0 0.0 0.0 0.0 0.0 0.0 0.0 0.0 0.0 0.0 0.0 0.0 
76658 0 0.0 0.0 0.0 0.0 0.0 0.0 0.0 0.0 0.0 0.0 0.0 0.0 
76668 0 0.0 0.0 0.0 0.0 0.0 0.0 0.0 0.0 0.0 0.0 0.0 0.0 
76678 0 0.0 0.0 0.0 0.0 0.0 0.0 0.0 0.0 0.0 0.0 0.0 0.0 
76688 0 0.0 0.0 0.0 0.0 0.0 0.0 0.0 0.0 0.0 0.0 0.0 0.0 
76698 0 0.0 0.0 0.0 0.0 0.0 0.0 0.0 0.0 0.0 0.0 0.0 0.0 
76708 0 0.0 0.0 0.0 0.0 0.0 0.0 0.0 0.0 0.0 0.0 0.0 0.0 
76718 0 0.0 0.0 0.0 0.0 0.0 0.0 0.0 0.0 0.0 0.0 0.0 0.0 
76728 0 0.0 0.0 0.0 0.0 0.0 0.0 0.0 0.0 0.0 0.0 0.0 0.0 
76738 0 0.0 0.0 0.0 0.0 0.0 0.0 0.0 0.0 0.0 0.0 0.0 0.0 
76748 0 0.0 0.0 0.0 0.0 0.0 0.0 0.0 0.0 0.0 0.0 0.0 0.0 
76758 0 0.0 0.0 0.0 0.0 0.0 0.0 0.0 0.0 0.0 0.0 0.0 0.0 
76768 0 0.0 0.0 0.0 0.0 0.0 0.0 0.0 0.0 0.0 0.0 0.0 0.0 
76778 0 0.0 0.0 0.0 0.0 0.0 0.0 0.0 0.0 0.0 0.0 0.0 0.0 
76788 0 0.0 0.0 0.0 0.0 0.0 0.0 0.0 0.0 0.0 0.0 0.0 0.0 
76798 0 0.0 0.0 0.0 0.0 0.0 0.0 0.0 0.0 0.0 0.0 0.0 0.0 
76808 0 0.0 0.0 0.0 0.0 0.0 0.0 0.0 0.0 0.0 0.0 0.0 0.0 
76818 0 0.0 0.0 0.0 0.0 0.0 0.0 0.0 0.0 0.0 0.0 0.0 0.0 
76828 0 0.0 0.0 0.0 0.0 0.0 0.0 0.0 0.0 0.0 0.0 0.0 0.0 
76838 0 0.0 0.0 0.0 0.0 0.0 0.0 0.0 0.0 0.0 0.0 0.0 0.0 
76848 0 0.0 0.0 0.0 0.0 0.0 0.0 0.0 0.0 0.0 0.0 0.0 0.0 
76858 0 0.0 0.0 0.0 0.0 0.0 0.0 0.0 0.0 0.0 0.0 0.0 0.0 
76868 0 0.0 0.0 0.0 0.0 0.0 0.0 0.0 0.0 0.0 0.0 0.0 0.0 
76878 0 0.0 0.0 0.0 0.0 0.0 0.0 0.0 0.0 0.0 0.0 0.0 0.0 
76888 0 0.0 0.0 0.0 0.0 0.0 0.0 0.0 0.0 0.0 0.0 0.0 0.0 
76898 0 0.0 0.0 0.0 0.0 0.0 0.0 0.0 0.0 0.0 0.0 0.0 0.0 
76908 0 0.0 0.0 0.0 0.0 0.0 0.0 0.0 0.0 0.0 0.0 0.0 0.0 
76918 0 0.0 0.0 0.0 0.0 0.0 0.0 0.0 0.0 0.0 0.0 0.0 0.0 
76928 0 0.0 0.0 0.0 0.0 0.0 0.0 0.0 0.0 0.0 0.0 0.0 0.0 
76938 0 0.0 0.0 0.0 0.0 0.0 0.0 0.0 0.0 0.0 0.0 0.0 0.0 
76948 0 0.0 0.0 0.0 0.0 0.0 0.0 0.0 0.0 0.0 0.0 0.0 0.0 
76958 0 0.0 0.0 0.0 0.0 0.0 0.0 0.0 0.0 0.0 0.0 0.0 0.0 
76968 0 0.0 0.0 0.0 0.0 0.0 0.0 0.0 0.0 0.0 0.0 0.0 0.0 
76978 0 0.0 0.0 0.0 0.0 0.0 0.0 0.0 0.0 0.0 0.0 0.0 0.0 
76988 0 0.0 0.0 0.0 0.0 0.0 0.0 0.0 0.0 0.0 0.0 0.0 0.0 
76998 0 0.0 0.0 0.0 0.0 0.0 0.0 0.0 0.0 0.0 0.0 0.0 0.0 
77008 0 0.0 0.0 0.0 0.0 0.0 0.0 0.0 0.0 0.0 0.0 0.0 0.0 
77018 0 0.0 0.0 0.0 0.0 0.0 0.0 0.0 0.0 0.0 0.0 0.0 0.0 
77028 0 0.0 0.0 0.0 0.0 0.0 0.0 0.0 0.0 0.0 0.0 0.0 0.0 
77038 0 0.0 0.0 0.0 0.0 0.0 0.0 0.0 0.0 0.0 0.0 0.0 0.0 
77048 0 0.0 0.0 0.0 0.0 0.0 0.0 0.0 0.0 0.0 0.0 0.0 0.0 
77058 0 0.0 0.0 0.0 0.0 0.0 0.0 0.0 0.0 0.0 0.0 0.0 0.0 
77068 0 0.0 0.0 0.0 0.0 0.0 0.0 0.0 0.0 0.0 0.0 0.0 0.0 
77078 0 0.0 0.0 0.0 0.0 0.0 0.0 0.0 0.0 0.0 0.0 0.0 0.0 
77088 0 0.0 0.0 0.0 0.0 0.0 0.0 0.0 0.0 0.0 0.0 0.0 0.0 
77098 0 0.0 0.0 0.0 0.0 0.0 0.0 0.0 0.0 0.0 0.0 0.0 0.0 
77108 0 0.0 0.0 0.0 0.0 0.0 0.0 0.0 0.0 0.0 0.0 0.0 0.0 
77118 0 0.0 0.0 0.0 0.0 0.0 0.0 0.0 0.0 0.0 0.0 0.0 0.0 
77128 0 0.0 0.0 0.0 0.0 0.0 0.0 0.0 0.0 0.0 0.0 0.0 0.0 
77138 0 0.0 0.0 0.0 0.0 0.0 0.0 0.0 0.0 0.0 0.0 0.0 0.0 
77148 0 0.0 0.0 0.0 0.0 0.0 0.0 0.0 0.0 0.0 0.0 0.0 0.0 
77158 0 0.0 0.0 0.0 0.0 0.0 0.0 0.0 0.0 0.0 0.0 0.0 0.0 
77168 0 0.0 0.0 0.0 0.0 0.0 0.0 0.0 0.0 0.0 0.0 0.0 0.0 
77178 0 0.0 0.0 0.0 0.0 0.0 0.0 0.0 0.0 0.0 0.0 0.0 0.0 
77188 0 0.0 0.0 0.0 0.0 0.0 0.0 0.0 0.0 0.0 0.0 0.0 0.0 
77198 0 0.0 0.0 0.0 0.0 0.0 0.0 0.0 0.0 0.0 0.0 0.0 0.0 
77208 0 0.0 0.0 0.0 0.0 0.0 0.0 0.0 0.0 0.0 0.0 0.0 0.0 
77218 0 0.0 0.0 0.0 0.0 0.0 0.0 0.0 0.0 0.0 0.0 0.0 0.0 
77228 0 0.0 0.0 0.0 0.0 0.0 0.0 0.0 0.0 0.0 0.0 0.0 0.0 
77239 0 64.08705781153661 -2835.625333604181 91.92184265135414 -0.8661610101291978 0.49577212032442936 -0.06304846739602304 -0.49940652023042637 -0.8634020716745976 0.07162394976088605 -0.01892701992666974 0.09352468838244134 0.9954370399877953 
77249 0 62.211201301986506 -2828.3965980645416 95.34994637113425 -0.8465215066097209 0.5234119715510598 -0.09716607887653478 -0.5314310538305292 -0.841603864389771 0.09635336251930866 -0.031342844028287624 0.13320226530069498 0.9905931468806866 
77259 0 60.503110065216084 -2821.541774522983 100.66571356840967 -0.8339910153386346 0.5414994730227751 -0.10600616515321229 -0.5513221433474418 -0.8255870883705249 0.12020754456631283 -0.02242499920214539 0.1586955583245353 0.9870728641690283 
77269 0 56.504732536257386 -2814.2629965442957 105.16775142935083 -0.8273934919774703 0.5491729425692535 -0.11759714530189602 -0.561362622845953 -0.8150487701663935 0.14341376475695006 -0.017088449456880074 0.18467425754575734 0.9826512115166209 
77281 0 55.60272489182553 -2810.8107363985773 104.27919265914244 -0.8035469771231826 0.583219890954929 -0.11902442753786426 -0.5939226027609644 -0.7988773410248452 0.09513640694663032 -0.03960047330319587 0.14713787001174788 0.9883229480906373 
77289 0 53.1417252268683 -2804.918958269869 108.64352731077999 -0.7889920145340481 0.6022159253042711 -0.12176855222685819 -0.6138554925303785 -0.781020062771444 0.11484378885588954 -0.025942923732510795 0.16535912692806032 0.9858921461548414 
77299 0 -31.069268206862077 -2842.7880629061656 37.1791185170396 -0.7719730076380107 0.6244973872492192 -0.11857777530896263 -0.6330519350439232 -0.7721819488623805 0.054591990147279286 -0.05747106241812919 0.11720943293948216 0.991442900935065 
77309 0 0.0 0.0 0.0 0.0 0.0 0.0 0.0 0.0 0.0 0.0 0.0 0.0 
77318 0 0.0 0.0 0.0 0.0 0.0 0.0 0.0 0.0 0.0 0.0 0.0 0.0 
77328 0 0.0 0.0 0.0 0.0 0.0 0.0 0.0 0.0 0.0 0.0 0.0 0.0 
77338 0 0.0 0.0 0.0 0.0 0.0 0.0 0.0 0.0 0.0 0.0 0.0 0.0 
77348 0 0.0 0.0 0.0 0.0 0.0 0.0 0.0 0.0 0.0 0.0 0.0 0.0 
77359 0 0.0 0.0 0.0 0.0 0.0 0.0 0.0 0.0 0.0 0.0 0.0 0.0 
77368 0 0.0 0.0 0.0 0.0 0.0 0.0 0.0 0.0 0.0 0.0 0.0 0.0 
77378 0 0.0 0.0 0.0 0.0 0.0 0.0 0.0 0.0 0.0 0.0 0.0 0.0 
77388 0 0.0 0.0 0.0 0.0 0.0 0.0 0.0 0.0 0.0 0.0 0.0 0.0 
77398 0 0.0 0.0 0.0 0.0 0.0 0.0 0.0 0.0 0.0 0.0 0.0 0.0 
77408 0 0.0 0.0 0.0 0.0 0.0 0.0 0.0 0.0 0.0 0.0 0.0 0.0 
77418 0 0.0 0.0 0.0 0.0 0.0 0.0 0.0 0.0 0.0 0.0 0.0 0.0 
77428 0 0.0 0.0 0.0 0.0 0.0 0.0 0.0 0.0 0.0 0.0 0.0 0.0 
77438 0 0.0 0.0 0.0 0.0 0.0 0.0 0.0 0.0 0.0 0.0 0.0 0.0 
77448 0 0.0 0.0 0.0 0.0 0.0 0.0 0.0 0.0 0.0 0.0 0.0 0.0 
77459 0 0.0 0.0 0.0 0.0 0.0 0.0 0.0 0.0 0.0 0.0 0.0 0.0 
77468 0 0.0 0.0 0.0 0.0 0.0 0.0 0.0 0.0 0.0 0.0 0.0 0.0 
77479 0 -38.91197676308627 -2746.699563438538 115.18764016057625 -0.24507511266053944 0.9367741342518021 -0.24978472841871374 -0.964603171999842 -0.26147739177257834 -0.034209562400777854 -0.09735969249266874 0.23255922899037199 0.9676969025935427 
77489 0 -42.816685460386005 -2745.8315945785967 113.39266304475409 -0.21361212078039624 0.9456723171819345 -0.24509942956166222 -0.9717981652922255 -0.2313498211206346 -0.04566821873157485 -0.09989087941532002 0.22843189090667965 0.9684217487367958 
77499 0 -49.22520475977656 -2745.4402106600583 116.31130882248311 -0.20081530065650255 0.9377177470240174 -0.2834759988754588 -0.9775665793126815 -0.21058684212617887 -0.004094500485552377 -0.063535801192248 0.2762944241918835 0.9589705903349353 
77509 0 -51.507530106742585 -2744.8328054281455 110.3430309159315 -0.16382476901534743 0.958100827505562 -0.2349558456183315 -0.9829765164541391 -0.1786258952793608 -0.04301113385313789 -0.08317820121133761 0.2239097895778655 0.971053959867546 
77518 0 -52.272355186259176 -2744.573836379771 108.89935043480831 -0.12898488366752228 0.9609101392653668 -0.24497878284106375 -0.9891495569704324 -0.14219263381951427 -0.036937905093099827 -0.07032818588925113 0.2375562231230385 0.9688245388743226 
77529 0 -56.80710381604265 -2743.3549657383005 107.23604902629118 -0.11733983056455294 0.9581731112194548 -0.26102806956170876 -0.9914040965252112 -0.12833894082280628 -0.02543685636059974 -0.05787297777124978 0.25579954105609826 0.9649960172142568 
77538 0 -57.88244224515239 -2742.1694262374463 104.04229181292104 -0.09686246585851069 0.9620580697170399 -0.2550724077593108 -0.9940236144223057 -0.10647121014723013 -0.024102601116890734 -0.05034596983497719 0.25121335932252414 0.9666215037020788 
77549 0 -58.45524775452672 -2741.3868610318527 101.03202186323938 -0.0759691430724043 0.9648603880017339 -0.25154148955189987 -0.9962069898855943 -0.08418037967819247 -0.02202945710450209 -0.04243020862461448 0.24891383115925747 0.9675957740987159 
77559 0 -57.6872004276629 -2740.0934414502976 96.60787790226516 -0.05892301002159553 0.9730156624115553 -0.2230887706537409 -0.9973923326075749 -0.0667118353638944 -0.027532996168261673 -0.04167269784422188 0.2208847023317439 0.9744092233400714 
77568 0 -57.44350179691946 -2739.921823988845 95.29672755585412 -0.05380939807072379 0.9668281232081302 -0.24969567247573787 -0.998330098179883 -0.05735057905766695 -0.006922871506495662 -0.02101341827051327 0.24890618966910982 0.9682996153035449 
77578 0 -58.81170098711705 -2737.8616720911323 94.29332909288772 -0.0620842420555021 0.9661797978531432 -0.2502841287594019 -0.9980706863478039 -0.0602693744420926 0.014916687218751626 -6.722660314612966E-4 0.25072734339281366 0.9680575124100657 
77588 0 -60.121444242302296 -2736.1181314207734 94.36798464063969 -0.07366811887470481 0.9634049099688231 -0.2577285155147301 -0.9969777537648814 -0.0647522442540914 0.042924414521229054 0.02466509191943493 0.26011175735061 0.9652634391338891 
77599 0 -61.639693953308296 -2734.449750290497 95.46109242798845 -0.0940545235142493 0.9656729198256331 -0.24213541360557767 -0.9941678318594314 -0.07821197784295308 0.07425098395180298 0.05276427486875006 0.24770688007669484 0.9673971432975422 
77609 0 -55.401597616761364 -2734.906495441552 89.37831614474825 -0.06980672338719501 0.9754725544705367 -0.20875899224864353 -0.996720835088889 -0.05961896614842624 0.054709741135380935 0.040921855647700414 0.2118935448524055 0.9764356237767187 
77618 0 -50.77989260781842 -2734.4472278572343 86.73829678899264 -0.052149178967722025 0.9874873021064953 -0.14882637975650675 -0.9974094101191818 -0.0441092616215087 0.05682289718864397 0.04954726772182701 0.1514040990780658 0.987229389272656 
77629 0 -50.90109110278695 -2733.590374579913 83.60378291206145 -0.0582516749654989 0.9878468406160045 -0.1441019147988395 -0.9970540453411433 -0.05035444528194952 0.05785897086198832 0.049899629583546316 0.1470477790560785 0.9878699193932869 
77638 0 -49.268410929770255 -2732.773822205124 80.28192909996082 -0.05579069601333119 0.9918446927882582 -0.11459277300996651 -0.9971514881527096 -0.04951577950137064 0.056895494155582586 0.05075734344096785 0.11744059335739615 0.9917819312322028 
77649 0 -50.61993416830954 -2732.049206247352 81.20192221315781 -0.06419849191608437 0.9899740800155903 -0.12581682929157714 -0.9959702075522443 -0.05564879602212831 0.07033176501145783 0.06262506929369274 0.12982500683062942 0.9895572587260361 
77659 0 -51.7616208795901 -2731.220163871714 81.75286454763237 -0.06826692152351031 0.9888374085594218 -0.13243944600907157 -0.9950496943200944 -0.057875656827744065 0.08078684410375056 0.07222003364156918 0.1372988994138121 0.987893354042108 
77668 0 -52.9774759168347 -2730.691536142855 82.45814795221872 -0.07384949940622967 0.9876079742356741 -0.13848010927045615 -0.9940319932917924 -0.0617169614800538 0.08995228167209417 0.08029101911045528 0.14429659002130907 0.9862716899305317 
77678 0 -54.78297445424368 -2730.226971580983 83.3717588906492 -0.08162932644649096 0.9843624382026813 -0.1561001067250276 -0.9924806846883284 -0.06595065120523866 0.10311450977526058 0.09120714656472687 0.16334350878219114 0.9823442138854608 
77688 0 -55.851415538736696 -2729.9254283777377 84.84431513643679 -0.08531096043888087 0.9811449920140435 -0.1734259054315655 -0.9910514763690442 -0.0656271915050484 0.11623271020628191 0.1026596864194193 0.1817899237607033 0.977963911605814 
77699 0 -56.303710779267796 -2729.6368252723 87.3826345071475 -0.08396585625588213 0.9753591688489052 -0.20402016254671865 -0.9897979753077921 -0.057985949034915454 0.13014452655073716 0.11510735449923201 0.21286644041955782 0.9702773703860642 
77709 0 -57.703260494336874 -2729.175530304477 88.86400555330619 -0.09558111422443892 0.9752273854399958 -0.19948884001739303 -0.9870739855768591 -0.06695716788132856 0.14560798283997473 0.1286436846527242 0.2108276176338903 0.9690214229013665 
77719 0 -56.32696333075579 -2729.3768670105455 87.37852668497305 -0.0869961436233908 0.9779741047725948 -0.18973223602988518 -0.9888959689417559 -0.061742805140850676 0.13517613925573105 0.12048416329710812 0.19938524621340628 0.9724860358827858 
77729 0 -55.890115499767646 -2729.7459250736365 86.29173173703511 -0.08376465123304085 0.980235835597093 -0.17922385392317616 -0.990046057188195 -0.06145222912983958 0.12661922516380783 0.11310299664428167 0.1880460851659578 0.9756261486880319 
77738 0 -56.87058333374388 -2729.3074243915316 86.91596837113917 -0.08919992265611645 0.9766548289872389 -0.19541934094160174 -0.9890088006942931 -0.06362251384475137 0.13346822798445454 0.11791931965279799 0.205176803630385 0.9715953444230987 
77749 0 -56.46059746155509 -2729.449662555749 87.47770416399578 -0.08667051806317354 0.9775151923441375 -0.19222973244288938 -0.989016118363227 -0.06123544271499111 0.13452634750573653 0.11973027568829969 0.20177777204613687 0.9720855887172182 
77759 0 -56.674153281010156 -2729.5322041824406 87.63000338159867 -0.08672901426994024 0.9772304344555802 -0.19364595543806828 -0.9889175209176004 -0.060939014364219765 0.13538306153468657 0.12049985438145483 0.2032415176632846 0.9716854792534324 
77768 0 -56.38274767636931 -2729.5467285071504 87.21197295125168 -0.08581276760363708 0.9776966730698362 -0.19169085628787205 -0.989380973963004 -0.060969796276036325 0.13193927505514047 0.11730923781280642 0.2009773604419962 0.9725464736009001 
77778 0 -55.76308029504717 -2729.736381223483 86.48603263273688 -0.08170293563508003 0.9787622926471414 -0.18801331016904546 -0.990347189503305 -0.058534904066093504 0.125642784308842 0.11196907855079866 0.19646383763452488 0.9740969592142255 
77788 0 -56.50654569353021 -2729.5919569233865 87.41506818227899 -0.08593486574679067 0.9767676238728513 -0.19631660093549186 -0.9893371022457356 -0.06040466823001798 0.13252688095640308 0.11758952746351285 0.20561197681508137 0.9715433176246451 
77799 0 -57.04566263369817 -2729.3954221854888 88.30707294525449 -0.08935835570628446 0.974831589102166 -0.20425096610301452 -0.9883723380285688 -0.06145919552674305 0.1390787140620235 0.12302522377711678 0.21430385011415737 0.9689884695603138 
77809 0 -56.51003479808439 -2729.518533096142 87.51473004022334 -0.08629362568411351 0.9769089216669675 -0.19545426302276658 -0.9893884807432134 -0.06101366752307376 0.13186268064930198 0.11689244774118678 0.20475910515253418 0.9718075244194229 
77818 0 -57.88955662299276 -2729.2135582534643 88.1179893857439 -0.09413217895628892 0.9735916836670009 -0.20798645720189513 -0.9880247509152686 -0.06570367799757697 0.13960701370780806 0.12225475231565681 0.21863727996854807 0.9681175111236195 
77829 0 -56.93803417337312 -2729.5172653841555 87.84466029397295 -0.08888649733574447 0.9758780834000254 -0.19940199831214322 -0.9889744917439132 -0.06266340987012446 0.1341743333999375 0.11844258217065129 0.2091297764617513 0.9706884625490335 
77838 0 -57.11979827684665 -2729.363109054049 88.41858005406124 -0.09010504960913081 0.9748517738603235 -0.20382614904942048 -0.9884864987819646 -0.06255964212415066 0.1377705806878633 0.12155460402925487 0.2138932214416312 0.9692647564317046 
77848 0 -56.85392220200101 -2729.465919190392 88.04905666628943 -0.08794490159471084 0.9756874393524829 -0.20074788908800917 -0.9888919217452959 -0.06127251159423215 0.13541952012110425 0.11982679746363956 0.2104274221976064 0.9702380319266394 
77859 0 0.0 0.0 0.0 0.0 0.0 0.0 0.0 0.0 0.0 0.0 0.0 0.0 
77868 0 0.0 0.0 0.0 0.0 0.0 0.0 0.0 0.0 0.0 0.0 0.0 0.0 
77878 0 0.0 0.0 0.0 0.0 0.0 0.0 0.0 0.0 0.0 0.0 0.0 0.0 
77888 0 0.0 0.0 0.0 0.0 0.0 0.0 0.0 0.0 0.0 0.0 0.0 0.0 
77898 0 0.0 0.0 0.0 0.0 0.0 0.0 0.0 0.0 0.0 0.0 0.0 0.0 
77909 0 0.0 0.0 0.0 0.0 0.0 0.0 0.0 0.0 0.0 0.0 0.0 0.0 
77918 0 0.0 0.0 0.0 0.0 0.0 0.0 0.0 0.0 0.0 0.0 0.0 0.0 
77928 0 0.0 0.0 0.0 0.0 0.0 0.0 0.0 0.0 0.0 0.0 0.0 0.0 
77938 0 0.0 0.0 0.0 0.0 0.0 0.0 0.0 0.0 0.0 0.0 0.0 0.0 
77948 0 0.0 0.0 0.0 0.0 0.0 0.0 0.0 0.0 0.0 0.0 0.0 0.0 
77959 0 0.0 0.0 0.0 0.0 0.0 0.0 0.0 0.0 0.0 0.0 0.0 0.0 
77968 0 0.0 0.0 0.0 0.0 0.0 0.0 0.0 0.0 0.0 0.0 0.0 0.0 
77978 0 0.0 0.0 0.0 0.0 0.0 0.0 0.0 0.0 0.0 0.0 0.0 0.0 
77988 0 0.0 0.0 0.0 0.0 0.0 0.0 0.0 0.0 0.0 0.0 0.0 0.0 
77998 0 0.0 0.0 0.0 0.0 0.0 0.0 0.0 0.0 0.0 0.0 0.0 0.0 
78009 0 0.0 0.0 0.0 0.0 0.0 0.0 0.0 0.0 0.0 0.0 0.0 0.0 
78018 0 0.0 0.0 0.0 0.0 0.0 0.0 0.0 0.0 0.0 0.0 0.0 0.0 
78028 0 0.0 0.0 0.0 0.0 0.0 0.0 0.0 0.0 0.0 0.0 0.0 0.0 
78038 0 0.0 0.0 0.0 0.0 0.0 0.0 0.0 0.0 0.0 0.0 0.0 0.0 
78048 0 0.0 0.0 0.0 0.0 0.0 0.0 0.0 0.0 0.0 0.0 0.0 0.0 
78059 0 0.0 0.0 0.0 0.0 0.0 0.0 0.0 0.0 0.0 0.0 0.0 0.0 
78068 0 0.0 0.0 0.0 0.0 0.0 0.0 0.0 0.0 0.0 0.0 0.0 0.0 
78078 0 0.0 0.0 0.0 0.0 0.0 0.0 0.0 0.0 0.0 0.0 0.0 0.0 
78088 0 0.0 0.0 0.0 0.0 0.0 0.0 0.0 0.0 0.0 0.0 0.0 0.0 
78098 0 0.0 0.0 0.0 0.0 0.0 0.0 0.0 0.0 0.0 0.0 0.0 0.0 
78109 0 0.0 0.0 0.0 0.0 0.0 0.0 0.0 0.0 0.0 0.0 0.0 0.0 
78118 0 0.0 0.0 0.0 0.0 0.0 0.0 0.0 0.0 0.0 0.0 0.0 0.0 
78128 0 0.0 0.0 0.0 0.0 0.0 0.0 0.0 0.0 0.0 0.0 0.0 0.0 
78138 0 0.0 0.0 0.0 0.0 0.0 0.0 0.0 0.0 0.0 0.0 0.0 0.0 
78148 0 0.0 0.0 0.0 0.0 0.0 0.0 0.0 0.0 0.0 0.0 0.0 0.0 
78159 0 0.0 0.0 0.0 0.0 0.0 0.0 0.0 0.0 0.0 0.0 0.0 0.0 
78168 0 0.0 0.0 0.0 0.0 0.0 0.0 0.0 0.0 0.0 0.0 0.0 0.0 
78178 0 0.0 0.0 0.0 0.0 0.0 0.0 0.0 0.0 0.0 0.0 0.0 0.0 
78188 0 0.0 0.0 0.0 0.0 0.0 0.0 0.0 0.0 0.0 0.0 0.0 0.0 
78198 0 0.0 0.0 0.0 0.0 0.0 0.0 0.0 0.0 0.0 0.0 0.0 0.0 
78209 0 0.0 0.0 0.0 0.0 0.0 0.0 0.0 0.0 0.0 0.0 0.0 0.0 
78218 0 0.0 0.0 0.0 0.0 0.0 0.0 0.0 0.0 0.0 0.0 0.0 0.0 
78228 0 0.0 0.0 0.0 0.0 0.0 0.0 0.0 0.0 0.0 0.0 0.0 0.0 
78238 0 0.0 0.0 0.0 0.0 0.0 0.0 0.0 0.0 0.0 0.0 0.0 0.0 
78248 0 0.0 0.0 0.0 0.0 0.0 0.0 0.0 0.0 0.0 0.0 0.0 0.0 
78258 0 0.0 0.0 0.0 0.0 0.0 0.0 0.0 0.0 0.0 0.0 0.0 0.0 
78268 0 0.0 0.0 0.0 0.0 0.0 0.0 0.0 0.0 0.0 0.0 0.0 0.0 
78278 0 0.0 0.0 0.0 0.0 0.0 0.0 0.0 0.0 0.0 0.0 0.0 0.0 
78288 0 0.0 0.0 0.0 0.0 0.0 0.0 0.0 0.0 0.0 0.0 0.0 0.0 
78298 0 0.0 0.0 0.0 0.0 0.0 0.0 0.0 0.0 0.0 0.0 0.0 0.0 
78308 0 0.0 0.0 0.0 0.0 0.0 0.0 0.0 0.0 0.0 0.0 0.0 0.0 
78318 0 0.0 0.0 0.0 0.0 0.0 0.0 0.0 0.0 0.0 0.0 0.0 0.0 
78328 0 0.0 0.0 0.0 0.0 0.0 0.0 0.0 0.0 0.0 0.0 0.0 0.0 
78338 0 0.0 0.0 0.0 0.0 0.0 0.0 0.0 0.0 0.0 0.0 0.0 0.0 
78348 0 0.0 0.0 0.0 0.0 0.0 0.0 0.0 0.0 0.0 0.0 0.0 0.0 
78358 0 0.0 0.0 0.0 0.0 0.0 0.0 0.0 0.0 0.0 0.0 0.0 0.0 
78368 0 0.0 0.0 0.0 0.0 0.0 0.0 0.0 0.0 0.0 0.0 0.0 0.0 
78378 0 0.0 0.0 0.0 0.0 0.0 0.0 0.0 0.0 0.0 0.0 0.0 0.0 
78388 0 0.0 0.0 0.0 0.0 0.0 0.0 0.0 0.0 0.0 0.0 0.0 0.0 
78398 0 0.0 0.0 0.0 0.0 0.0 0.0 0.0 0.0 0.0 0.0 0.0 0.0 
78408 0 0.0 0.0 0.0 0.0 0.0 0.0 0.0 0.0 0.0 0.0 0.0 0.0 
78418 0 0.0 0.0 0.0 0.0 0.0 0.0 0.0 0.0 0.0 0.0 0.0 0.0 
78428 0 0.0 0.0 0.0 0.0 0.0 0.0 0.0 0.0 0.0 0.0 0.0 0.0 
78438 0 0.0 0.0 0.0 0.0 0.0 0.0 0.0 0.0 0.0 0.0 0.0 0.0 
78448 0 0.0 0.0 0.0 0.0 0.0 0.0 0.0 0.0 0.0 0.0 0.0 0.0 
78458 0 0.0 0.0 0.0 0.0 0.0 0.0 0.0 0.0 0.0 0.0 0.0 0.0 
78468 0 0.0 0.0 0.0 0.0 0.0 0.0 0.0 0.0 0.0 0.0 0.0 0.0 
78478 0 0.0 0.0 0.0 0.0 0.0 0.0 0.0 0.0 0.0 0.0 0.0 0.0 
78488 0 0.0 0.0 0.0 0.0 0.0 0.0 0.0 0.0 0.0 0.0 0.0 0.0 
78498 0 0.0 0.0 0.0 0.0 0.0 0.0 0.0 0.0 0.0 0.0 0.0 0.0 
78508 0 0.0 0.0 0.0 0.0 0.0 0.0 0.0 0.0 0.0 0.0 0.0 0.0 
78518 0 0.0 0.0 0.0 0.0 0.0 0.0 0.0 0.0 0.0 0.0 0.0 0.0 
78528 0 0.0 0.0 0.0 0.0 0.0 0.0 0.0 0.0 0.0 0.0 0.0 0.0 
78538 0 0.0 0.0 0.0 0.0 0.0 0.0 0.0 0.0 0.0 0.0 0.0 0.0 
78548 0 0.0 0.0 0.0 0.0 0.0 0.0 0.0 0.0 0.0 0.0 0.0 0.0 
78558 0 0.0 0.0 0.0 0.0 0.0 0.0 0.0 0.0 0.0 0.0 0.0 0.0 
78568 0 0.0 0.0 0.0 0.0 0.0 0.0 0.0 0.0 0.0 0.0 0.0 0.0 
78578 0 0.0 0.0 0.0 0.0 0.0 0.0 0.0 0.0 0.0 0.0 0.0 0.0 
78588 0 0.0 0.0 0.0 0.0 0.0 0.0 0.0 0.0 0.0 0.0 0.0 0.0 
78598 0 0.0 0.0 0.0 0.0 0.0 0.0 0.0 0.0 0.0 0.0 0.0 0.0 
78608 0 0.0 0.0 0.0 0.0 0.0 0.0 0.0 0.0 0.0 0.0 0.0 0.0 
78618 0 0.0 0.0 0.0 0.0 0.0 0.0 0.0 0.0 0.0 0.0 0.0 0.0 
78628 0 0.0 0.0 0.0 0.0 0.0 0.0 0.0 0.0 0.0 0.0 0.0 0.0 
78638 0 0.0 0.0 0.0 0.0 0.0 0.0 0.0 0.0 0.0 0.0 0.0 0.0 
78648 0 0.0 0.0 0.0 0.0 0.0 0.0 0.0 0.0 0.0 0.0 0.0 0.0 
78658 0 0.0 0.0 0.0 0.0 0.0 0.0 0.0 0.0 0.0 0.0 0.0 0.0 
78668 0 0.0 0.0 0.0 0.0 0.0 0.0 0.0 0.0 0.0 0.0 0.0 0.0 
78678 0 0.0 0.0 0.0 0.0 0.0 0.0 0.0 0.0 0.0 0.0 0.0 0.0 
78688 0 0.0 0.0 0.0 0.0 0.0 0.0 0.0 0.0 0.0 0.0 0.0 0.0 
78698 0 0.0 0.0 0.0 0.0 0.0 0.0 0.0 0.0 0.0 0.0 0.0 0.0 
78708 0 0.0 0.0 0.0 0.0 0.0 0.0 0.0 0.0 0.0 0.0 0.0 0.0 
78718 0 0.0 0.0 0.0 0.0 0.0 0.0 0.0 0.0 0.0 0.0 0.0 0.0 
78728 0 0.0 0.0 0.0 0.0 0.0 0.0 0.0 0.0 0.0 0.0 0.0 0.0 
78738 0 0.0 0.0 0.0 0.0 0.0 0.0 0.0 0.0 0.0 0.0 0.0 0.0 
78748 0 0.0 0.0 0.0 0.0 0.0 0.0 0.0 0.0 0.0 0.0 0.0 0.0 
78758 0 0.0 0.0 0.0 0.0 0.0 0.0 0.0 0.0 0.0 0.0 0.0 0.0 
78768 0 0.0 0.0 0.0 0.0 0.0 0.0 0.0 0.0 0.0 0.0 0.0 0.0 
78778 0 0.0 0.0 0.0 0.0 0.0 0.0 0.0 0.0 0.0 0.0 0.0 0.0 
78788 0 0.0 0.0 0.0 0.0 0.0 0.0 0.0 0.0 0.0 0.0 0.0 0.0 
78798 0 0.0 0.0 0.0 0.0 0.0 0.0 0.0 0.0 0.0 0.0 0.0 0.0 
78809 0 0.0 0.0 0.0 0.0 0.0 0.0 0.0 0.0 0.0 0.0 0.0 0.0 
78818 0 0.0 0.0 0.0 0.0 0.0 0.0 0.0 0.0 0.0 0.0 0.0 0.0 
78828 0 0.0 0.0 0.0 0.0 0.0 0.0 0.0 0.0 0.0 0.0 0.0 0.0 
78838 0 0.0 0.0 0.0 0.0 0.0 0.0 0.0 0.0 0.0 0.0 0.0 0.0 
78848 0 0.0 0.0 0.0 0.0 0.0 0.0 0.0 0.0 0.0 0.0 0.0 0.0 
78859 0 0.0 0.0 0.0 0.0 0.0 0.0 0.0 0.0 0.0 0.0 0.0 0.0 
78868 0 0.0 0.0 0.0 0.0 0.0 0.0 0.0 0.0 0.0 0.0 0.0 0.0 
78878 0 0.0 0.0 0.0 0.0 0.0 0.0 0.0 0.0 0.0 0.0 0.0 0.0 
78888 0 0.0 0.0 0.0 0.0 0.0 0.0 0.0 0.0 0.0 0.0 0.0 0.0 
78898 0 0.0 0.0 0.0 0.0 0.0 0.0 0.0 0.0 0.0 0.0 0.0 0.0 
78908 0 0.0 0.0 0.0 0.0 0.0 0.0 0.0 0.0 0.0 0.0 0.0 0.0 
78918 0 0.0 0.0 0.0 0.0 0.0 0.0 0.0 0.0 0.0 0.0 0.0 0.0 
78928 0 0.0 0.0 0.0 0.0 0.0 0.0 0.0 0.0 0.0 0.0 0.0 0.0 
78938 0 0.0 0.0 0.0 0.0 0.0 0.0 0.0 0.0 0.0 0.0 0.0 0.0 
78948 0 0.0 0.0 0.0 0.0 0.0 0.0 0.0 0.0 0.0 0.0 0.0 0.0 
78958 0 0.0 0.0 0.0 0.0 0.0 0.0 0.0 0.0 0.0 0.0 0.0 0.0 
78968 0 0.0 0.0 0.0 0.0 0.0 0.0 0.0 0.0 0.0 0.0 0.0 0.0 
78978 0 0.0 0.0 0.0 0.0 0.0 0.0 0.0 0.0 0.0 0.0 0.0 0.0 
78988 0 0.0 0.0 0.0 0.0 0.0 0.0 0.0 0.0 0.0 0.0 0.0 0.0 
78998 0 0.0 0.0 0.0 0.0 0.0 0.0 0.0 0.0 0.0 0.0 0.0 0.0 
79008 0 0.0 0.0 0.0 0.0 0.0 0.0 0.0 0.0 0.0 0.0 0.0 0.0 
79018 0 0.0 0.0 0.0 0.0 0.0 0.0 0.0 0.0 0.0 0.0 0.0 0.0 
79028 0 0.0 0.0 0.0 0.0 0.0 0.0 0.0 0.0 0.0 0.0 0.0 0.0 
79038 0 0.0 0.0 0.0 0.0 0.0 0.0 0.0 0.0 0.0 0.0 0.0 0.0 
79048 0 0.0 0.0 0.0 0.0 0.0 0.0 0.0 0.0 0.0 0.0 0.0 0.0 
79059 0 0.0 0.0 0.0 0.0 0.0 0.0 0.0 0.0 0.0 0.0 0.0 0.0 
79068 0 0.0 0.0 0.0 0.0 0.0 0.0 0.0 0.0 0.0 0.0 0.0 0.0 
79078 0 0.0 0.0 0.0 0.0 0.0 0.0 0.0 0.0 0.0 0.0 0.0 0.0 
79088 0 0.0 0.0 0.0 0.0 0.0 0.0 0.0 0.0 0.0 0.0 0.0 0.0 
79098 0 0.0 0.0 0.0 0.0 0.0 0.0 0.0 0.0 0.0 0.0 0.0 0.0 
79109 0 0.0 0.0 0.0 0.0 0.0 0.0 0.0 0.0 0.0 0.0 0.0 0.0 
79118 0 0.0 0.0 0.0 0.0 0.0 0.0 0.0 0.0 0.0 0.0 0.0 0.0 
79128 0 0.0 0.0 0.0 0.0 0.0 0.0 0.0 0.0 0.0 0.0 0.0 0.0 
79138 0 0.0 0.0 0.0 0.0 0.0 0.0 0.0 0.0 0.0 0.0 0.0 0.0 
79148 0 0.0 0.0 0.0 0.0 0.0 0.0 0.0 0.0 0.0 0.0 0.0 0.0 
79159 0 0.0 0.0 0.0 0.0 0.0 0.0 0.0 0.0 0.0 0.0 0.0 0.0 
79168 0 0.0 0.0 0.0 0.0 0.0 0.0 0.0 0.0 0.0 0.0 0.0 0.0 
79178 0 0.0 0.0 0.0 0.0 0.0 0.0 0.0 0.0 0.0 0.0 0.0 0.0 
79188 0 0.0 0.0 0.0 0.0 0.0 0.0 0.0 0.0 0.0 0.0 0.0 0.0 
79198 0 0.0 0.0 0.0 0.0 0.0 0.0 0.0 0.0 0.0 0.0 0.0 0.0 
79209 0 0.0 0.0 0.0 0.0 0.0 0.0 0.0 0.0 0.0 0.0 0.0 0.0 
79218 0 0.0 0.0 0.0 0.0 0.0 0.0 0.0 0.0 0.0 0.0 0.0 0.0 
79228 0 0.0 0.0 0.0 0.0 0.0 0.0 0.0 0.0 0.0 0.0 0.0 0.0 
79238 0 0.0 0.0 0.0 0.0 0.0 0.0 0.0 0.0 0.0 0.0 0.0 0.0 
79248 0 0.0 0.0 0.0 0.0 0.0 0.0 0.0 0.0 0.0 0.0 0.0 0.0 
79259 0 0.0 0.0 0.0 0.0 0.0 0.0 0.0 0.0 0.0 0.0 0.0 0.0 
79268 0 0.0 0.0 0.0 0.0 0.0 0.0 0.0 0.0 0.0 0.0 0.0 0.0 
79278 0 0.0 0.0 0.0 0.0 0.0 0.0 0.0 0.0 0.0 0.0 0.0 0.0 
79288 0 0.0 0.0 0.0 0.0 0.0 0.0 0.0 0.0 0.0 0.0 0.0 0.0 
79298 0 0.0 0.0 0.0 0.0 0.0 0.0 0.0 0.0 0.0 0.0 0.0 0.0 
79309 0 0.0 0.0 0.0 0.0 0.0 0.0 0.0 0.0 0.0 0.0 0.0 0.0 
79319 0 0.0 0.0 0.0 0.0 0.0 0.0 0.0 0.0 0.0 0.0 0.0 0.0 
79328 0 0.0 0.0 0.0 0.0 0.0 0.0 0.0 0.0 0.0 0.0 0.0 0.0 
79338 0 0.0 0.0 0.0 0.0 0.0 0.0 0.0 0.0 0.0 0.0 0.0 0.0 
79348 0 0.0 0.0 0.0 0.0 0.0 0.0 0.0 0.0 0.0 0.0 0.0 0.0 
79358 0 0.0 0.0 0.0 0.0 0.0 0.0 0.0 0.0 0.0 0.0 0.0 0.0 
79368 0 0.0 0.0 0.0 0.0 0.0 0.0 0.0 0.0 0.0 0.0 0.0 0.0 
79378 0 0.0 0.0 0.0 0.0 0.0 0.0 0.0 0.0 0.0 0.0 0.0 0.0 
79388 0 0.0 0.0 0.0 0.0 0.0 0.0 0.0 0.0 0.0 0.0 0.0 0.0 
79398 0 0.0 0.0 0.0 0.0 0.0 0.0 0.0 0.0 0.0 0.0 0.0 0.0 
79409 0 0.0 0.0 0.0 0.0 0.0 0.0 0.0 0.0 0.0 0.0 0.0 0.0 
79418 0 0.0 0.0 0.0 0.0 0.0 0.0 0.0 0.0 0.0 0.0 0.0 0.0 
79429 0 0.0 0.0 0.0 0.0 0.0 0.0 0.0 0.0 0.0 0.0 0.0 0.0 
79438 0 0.0 0.0 0.0 0.0 0.0 0.0 0.0 0.0 0.0 0.0 0.0 0.0 
79448 0 0.0 0.0 0.0 0.0 0.0 0.0 0.0 0.0 0.0 0.0 0.0 0.0 
79459 0 0.0 0.0 0.0 0.0 0.0 0.0 0.0 0.0 0.0 0.0 0.0 0.0 
79468 0 0.0 0.0 0.0 0.0 0.0 0.0 0.0 0.0 0.0 0.0 0.0 0.0 
79478 0 0.0 0.0 0.0 0.0 0.0 0.0 0.0 0.0 0.0 0.0 0.0 0.0 
79488 0 0.0 0.0 0.0 0.0 0.0 0.0 0.0 0.0 0.0 0.0 0.0 0.0 
79498 0 0.0 0.0 0.0 0.0 0.0 0.0 0.0 0.0 0.0 0.0 0.0 0.0 
79508 0 0.0 0.0 0.0 0.0 0.0 0.0 0.0 0.0 0.0 0.0 0.0 0.0 
79518 0 0.0 0.0 0.0 0.0 0.0 0.0 0.0 0.0 0.0 0.0 0.0 0.0 
79528 0 0.0 0.0 0.0 0.0 0.0 0.0 0.0 0.0 0.0 0.0 0.0 0.0 
79538 0 0.0 0.0 0.0 0.0 0.0 0.0 0.0 0.0 0.0 0.0 0.0 0.0 
79548 0 0.0 0.0 0.0 0.0 0.0 0.0 0.0 0.0 0.0 0.0 0.0 0.0 
79558 0 0.0 0.0 0.0 0.0 0.0 0.0 0.0 0.0 0.0 0.0 0.0 0.0 
79568 0 0.0 0.0 0.0 0.0 0.0 0.0 0.0 0.0 0.0 0.0 0.0 0.0 
79578 0 0.0 0.0 0.0 0.0 0.0 0.0 0.0 0.0 0.0 0.0 0.0 0.0 
79588 0 0.0 0.0 0.0 0.0 0.0 0.0 0.0 0.0 0.0 0.0 0.0 0.0 
79598 0 0.0 0.0 0.0 0.0 0.0 0.0 0.0 0.0 0.0 0.0 0.0 0.0 
79609 0 0.0 0.0 0.0 0.0 0.0 0.0 0.0 0.0 0.0 0.0 0.0 0.0 
79618 0 0.0 0.0 0.0 0.0 0.0 0.0 0.0 0.0 0.0 0.0 0.0 0.0 
79628 0 0.0 0.0 0.0 0.0 0.0 0.0 0.0 0.0 0.0 0.0 0.0 0.0 
79638 0 0.0 0.0 0.0 0.0 0.0 0.0 0.0 0.0 0.0 0.0 0.0 0.0 
79648 0 0.0 0.0 0.0 0.0 0.0 0.0 0.0 0.0 0.0 0.0 0.0 0.0 
79658 0 0.0 0.0 0.0 0.0 0.0 0.0 0.0 0.0 0.0 0.0 0.0 0.0 
79668 0 0.0 0.0 0.0 0.0 0.0 0.0 0.0 0.0 0.0 0.0 0.0 0.0 
79678 0 0.0 0.0 0.0 0.0 0.0 0.0 0.0 0.0 0.0 0.0 0.0 0.0 
79688 0 0.0 0.0 0.0 0.0 0.0 0.0 0.0 0.0 0.0 0.0 0.0 0.0 
79698 0 0.0 0.0 0.0 0.0 0.0 0.0 0.0 0.0 0.0 0.0 0.0 0.0 
79709 0 0.0 0.0 0.0 0.0 0.0 0.0 0.0 0.0 0.0 0.0 0.0 0.0 
79718 0 0.0 0.0 0.0 0.0 0.0 0.0 0.0 0.0 0.0 0.0 0.0 0.0 
79728 0 0.0 0.0 0.0 0.0 0.0 0.0 0.0 0.0 0.0 0.0 0.0 0.0 
79738 0 0.0 0.0 0.0 0.0 0.0 0.0 0.0 0.0 0.0 0.0 0.0 0.0 
79748 0 0.0 0.0 0.0 0.0 0.0 0.0 0.0 0.0 0.0 0.0 0.0 0.0 
79759 0 0.0 0.0 0.0 0.0 0.0 0.0 0.0 0.0 0.0 0.0 0.0 0.0 
79768 0 0.0 0.0 0.0 0.0 0.0 0.0 0.0 0.0 0.0 0.0 0.0 0.0 
79778 0 0.0 0.0 0.0 0.0 0.0 0.0 0.0 0.0 0.0 0.0 0.0 0.0 
79788 0 0.0 0.0 0.0 0.0 0.0 0.0 0.0 0.0 0.0 0.0 0.0 0.0 
79799 0 0.0 0.0 0.0 0.0 0.0 0.0 0.0 0.0 0.0 0.0 0.0 0.0 
79809 0 0.0 0.0 0.0 0.0 0.0 0.0 0.0 0.0 0.0 0.0 0.0 0.0 
79818 0 0.0 0.0 0.0 0.0 0.0 0.0 0.0 0.0 0.0 0.0 0.0 0.0 
79828 0 0.0 0.0 0.0 0.0 0.0 0.0 0.0 0.0 0.0 0.0 0.0 0.0 
79838 0 0.0 0.0 0.0 0.0 0.0 0.0 0.0 0.0 0.0 0.0 0.0 0.0 
79849 0 0.0 0.0 0.0 0.0 0.0 0.0 0.0 0.0 0.0 0.0 0.0 0.0 
79859 0 0.0 0.0 0.0 0.0 0.0 0.0 0.0 0.0 0.0 0.0 0.0 0.0 
79869 0 62.547574749834595 -2587.540449404335 140.97438188810582 0.6663721652512992 -0.7060768513954542 0.23959052005823772 0.5846003297983232 0.6942095716752767 0.4198994224741449 -0.46280729443039986 -0.13974459029926845 0.8753746956041752 
79879 0 67.4071871178914 -2565.1865148467073 137.67125068493422 0.6370775982188236 -0.7373852282090332 0.22448866133247602 0.6252936282092625 0.6647083757449477 0.40886508011251077 -0.4507105638529363 -0.12010745369720097 0.884553100270268 
79889 0 72.3338449753071 -2542.0947212491947 134.75921977364703 0.598015882789745 -0.7721045475274483 0.21501528229090253 0.671748670324895 0.6291764709236328 0.3910123941166296 -0.43718500414348327 -0.08939539207094227 0.8949177258433005 
79899 0 77.67384945546587 -2517.55451451502 132.10764759928907 0.5625986638284534 -0.8038438958632458 0.19317798669061156 0.7091877224147346 0.5893410328599059 0.38694950751205337 -0.42489471382289545 -0.0806978194935806 0.9016386993105061 
79909 0 79.96841429156798 -2493.2398496278447 126.82258242782791 0.5248038880810418 -0.8313112311807045 0.18303692514856865 0.7475365968333914 0.5529472650527467 0.36801950826748203 -0.4071485176809233 -0.05631126870803843 0.9116244432696604 
79918 0 84.49786159112841 -2467.5348891343037 123.06566081468739 0.49309719837801613 -0.8556105333949793 0.1574349646530602 0.7763216618479147 0.5144279672357249 0.36426438732246613 -0.3926573955720726 -0.057397575465161166 0.917891980591005 
79929 0 87.36856490703735 -2441.538434730783 119.14084624278156 0.46344777872430803 -0.871895060422867 0.1581618158902776 0.8056960098569479 0.4889177540028868 0.33438506174972227 -0.3688768034128708 -0.027539670131973448 0.9290702182682019 
79939 0 89.73798142713805 -2415.240277951366 115.1925669963369 0.4337066652220651 -0.8906832774444485 0.1363151782552881 0.8317336325469639 0.453922346655221 0.3196461601478252 -0.34657999514136323 -0.025254751787193747 0.9376803850353167 
79949 0 92.16220995981588 -2387.577988753356 110.82285542569942 0.4059864987691081 -0.9046629690766977 0.12945993665429784 0.8548477879134057 0.42601988588003714 0.29621329533685237 -0.32312570667893037 -0.00959005819033229 0.9463074597968401 
79959 0 93.42376874510968 -2359.6904094779543 106.63654184757358 0.3859381190337712 -0.9154047209341316 0.11439390354463598 0.8748733580090011 0.40251589537030813 0.2694022297982952 -0.292657437497715 -0.003892411302004295 0.9562094296813473 
79969 0 94.24302538171825 -2331.818322057823 102.76207613112109 0.3607151303598308 -0.9257521105281986 0.11343555254890905 0.8932260656891756 0.37789167529142437 0.2436084508363318 -0.2683873884945547 0.01345033821235593 0.9632171604051947 
79979 0 95.03435278268529 -2303.59329317306 99.25139447780528 0.3361865974831028 -0.936354686045251 0.10108646592810365 0.9090222738198535 0.3506818275652169 0.22516829598081256 -0.2462865757042343 0.01619128582352032 0.9690617962190354 
79989 0 94.59088104137778 -2274.41883577468 95.78116849931871 0.3138795353372982 -0.9446302536150537 0.09567299123368733 0.9227764345015628 0.3272271205651689 0.20348479917480736 -0.2235246948885627 0.024415067515529326 0.9743924339059635 
79999 0 93.32550578098554 -2245.2605926283895 92.14374366162309 0.2946027885309324 -0.9512277052068155 0.0915152983755974 0.9355495029293855 0.3066137026900421 0.17531447427774516 -0.19482382954448468 0.03396895891366643 0.9802498585931769 
80009 0 91.32353030147111 -2216.191761001894 89.15856037284041 0.27875544932488977 -0.9563215615602396 0.08800267249728135 0.9465767509485741 0.2890685831404583 0.14293987828737315 -0.16213529546437416 0.04345601380882625 0.9858111993827859 
80019 0 89.2621303185763 -2186.3044671972725 86.97289008358278 0.2596236433306509 -0.9629359112038548 0.07314365821942985 0.9565311880956552 0.26683519009628515 0.11767356341419148 -0.13282940195616832 0.03941335104100101 0.9903549554254201 
80029 0 86.24556113769391 -2156.6683069121104 85.2414649259454 0.24385627225216877 -0.9666662128101752 0.07804198545981003 0.9639514397627423 0.25042961558892474 0.08990344495801861 -0.10645064707465257 0.0533051652958364 0.9928881201274244 
80039 0 82.13890872711013 -2127.8020796220862 83.16001896203073 0.2352394198737168 -0.9688092174135888 0.07791736386677073 0.9696509811698043 0.2394263234356568 0.049517778247011104 -0.06662874795396567 0.06390411489531664 0.9957293176589374 
80049 0 77.84035400417817 -2098.633943533542 81.82176407025966 0.21932801301476568 -0.9714918770867742 0.08999308563112345 0.9749470383012768 0.2217391316150585 0.01760766929972666 -0.03706069635831953 0.08387663718232685 0.995786731444249 
80060 0 72.67206935987811 -2069.414849461602 80.81673156578975 0.2059772138248377 -0.9740501236118455 0.09380695111080839 0.9785362243579119 0.2056457620859027 -0.013292033534064829 -0.006343895043228569 0.09453135579191066 0.9955016714038322 
80069 0 67.55288838279162 -2040.901328349445 80.66947002888381 0.19533361409704927 -0.976249725593638 0.09370833731387962 0.980520263256722 0.19238897937335148 -0.03957895853416141 0.020610496033666 0.09961402458502994 0.9948126725968158 
80079 0 61.44656899370276 -2012.4659102796818 80.51661691881392 0.18259893483443543 -0.9775255102186706 0.10536368382444507 0.9820487956993054 0.17618094384287777 -0.06738277147889576 0.047305304806902385 0.1157763011084772 0.9921482027594293 
80089 0 55.10187629664341 -1984.8330324463814 80.52760808572242 0.1703972515222244 -0.9794118664352617 0.10824588934213021 0.982543595937969 0.1605568848376986 -0.09396578532901731 0.0746515824008893 0.12236781691691201 0.989673309040934 
80099 0 48.64398779542385 -1957.5468443984805 81.08923486408031 0.1552027149988403 -0.979839257489517 0.12580598848775376 0.983039557806278 0.14058970338048854 -0.11776146692116018 0.09770028170392347 0.14194916268079333 0.9850406540692602 
80109 0 42.44517359826492 -1931.1563995208387 82.05004338718726 0.14054774711253074 -0.9806028348318179 0.13661775543974616 0.9826549832424285 0.12129946064645343 -0.1402698283869405 0.12097733130803619 0.1539627265499078 0.9806426281489622 
80119 0 35.9469421740572 -1905.2164217620414 83.1360831104322 0.12328837675080581 -0.9810469210304735 0.14948884538579882 0.9820175281449772 0.09890705090942185 -0.1608072439177729 0.14297395068396357 0.16662633050340192 0.9755993621404183 
80129 0 29.51103423459395 -1880.2556833517922 84.27373946663447 0.1086689922362641 -0.9813965530932751 0.15827778019353453 0.9797887278618531 0.07884116473493023 -0.18384264874639566 0.1679437372491329 0.17505678027393756 0.9701288702017459 
80139 0 23.170457606030297 -1856.3553735600058 86.36541493121823 0.09094909790502437 -0.9813930891844383 0.16910312265386263 0.9770122897719767 0.055055837576014614 -0.2059510630788839 0.19280883596137705 0.18394689247124701 0.963840387992426 
80149 0 16.946265880516563 -1833.4299038181846 88.64105349009627 0.07605866297282551 -0.9814697125913374 0.17587576027600774 0.9721150502422444 0.03374884925862869 -0.2320632333357381 0.22182743040324163 0.18862189278977123 0.956668371318452 
80160 0 10.561662656656086 -1811.4298399257218 90.82417994494682 0.06267939827880867 -0.9817319822472278 0.17964856822233616 0.9666679426192523 0.01494559439672511 -0.25559678777400696 0.24824258648279646 0.18968116469765114 0.9499456163461537 
80169 0 4.871634944126644 -1791.2474628339942 93.50892780452895 0.05348181268802312 -0.9819315634226284 0.18152162533978106 0.9600949355492703 5.914845289254319E-4 -0.2796736756984731 0.274513042393701 0.18923544831887248 0.9427791547628267 
80179 0 -1.1663672693852059 -1772.218752978517 95.65652148114665 0.04730553365625574 -0.9802289535792619 0.19212856385868843 0.9538632846249893 -0.012762101553985614 -0.2999699368409317 0.29649118153820975 0.1974546209356241 0.9344006913210442 
80189 0 -6.811213163842844 -1754.403372881743 97.53745354850531 0.04786496413481578 -0.9805551702080448 0.19031684998088072 0.9478977889747437 -0.015488494872550777 -0.3181978758310231 0.31495829385041607 0.19563145121594128 0.9287247215563823 
80199 0 -12.639279798737917 -1738.3364861219175 98.93899541001028 0.042357624475554995 -0.9770718849009756 0.20865369247833193 0.9432193245100216 -0.029759706920021053 -0.33083480124511216 0.3294588555793367 0.21081957115051947 0.9203325327838108 
80210 0 -18.234330845226776 -1723.6929860603066 99.58201614444862 0.04137300784494893 -0.9763708481144264 0.2121043167268813 0.9374798481329749 -0.035488125632383904 -0.34622554395029004 0.34557171262479786 0.2131679147794422 0.9138597439115854 
80219 0 -23.6558067419208 -1710.2403506144976 99.76592652006102 0.038794574152899726 -0.9745032444531756 0.22099413468807094 0.9335712826606919 -0.04350850328338694 -0.3557410158153117 0.3562858981317749 0.22011459899850708 0.908080350024248 
80229 0 -28.66557685181218 -1698.3443074228664 99.47099135137393 0.0343213608407404 -0.9735105019539602 0.22605164625675345 0.9315594049354458 -0.05075726296412138 -0.36002885347248104 0.3619656327144304 0.22293721726472615 0.9051408055611583 
80239 0 -33.406434323969734 -1687.9214565556465 98.49228827350348 0.029559547305936344 -0.9740477628027431 0.22440407514579375 0.9305237234647279 -0.05517192160083781 -0.3620520116450253 0.36503675600192187 0.21951540913075318 0.9047436940491772 
80249 0 -37.939608448760346 -1678.4909938092387 96.69299816926576 0.025641190805639577 -0.9749641561225724 0.2208787531888683 0.9306496830415569 -0.05739557559483025 -0.3613819521735798 0.36501191321478554 0.21482700523523193 0.9058783919671245 
80260 0 -41.68417650246859 -1670.7336330715661 94.83792704145584 0.021952281624340444 -0.9753181288259483 0.2197103659706034 0.9329155087881176 -0.05902382190741075 -0.355225058111122 0.3594255845012892 0.21276920837116703 0.9085937008228779 
80269 0 -44.57786018384119 -1665.0798352349916 93.50889272432451 0.015051307076405333 -0.979804831869557 0.19938894051667216 0.94042727044823 -0.053868167414052384 -0.33570041634877884 0.33966160682741814 0.19256352713980102 0.9206243972776824 
80279 0 -47.86888991700556 -1662.137918722492 90.85680578524634 -0.002635287312413276 -0.9843854389196794 0.17600671266656565 0.9526866689984269 -0.055967745589241745 -0.2987569617035556 0.30394270179338556 0.16689193838100114 0.9379583759047994 
80289 0 -50.44989213449692 -1659.6193090965203 87.35984882425154 -0.012060662791734997 -0.9878703362383222 0.154811947838041 0.9636924954727736 -0.05278432231314933 -0.2617452759600446 0.26674203752405123 0.14603429083035888 0.9526398434451457 
80299 0 -52.408527299024755 -1656.8550476722626 83.77853866771618 -0.020665429841922323 -0.99096036895836 0.13255371425712456 0.9731608854892931 -0.05033127656616346 -0.22455434431984433 0.2291960535505431 0.12435557789311748 0.9654039876050466 
80309 0 -53.93793730456183 -1655.0677751371616 81.09698420901793 -0.029792083670820188 -0.9928044272899916 0.11598189903576563 0.9792625379697564 -0.052252672525867 -0.19574100220172602 0.20039289777729768 0.1077451964929118 0.9737728991675224 
80319 0 -55.44400224871913 -1653.0324976227153 78.18180008240202 -0.036265353374391386 -0.9942521771739825 0.10073446445693782 0.9847536410717759 -0.052714712204749554 -0.16577522587241497 0.17013256754810438 0.0931867335084022 0.9810051692817545 
80329 0 -56.061851354520776 -1651.2365949764337 74.87540856562369 -0.03778792009833655 -0.9961180217554234 0.07950446420612589 0.9897699291360206 -0.04826309505760798 -0.13426153966619356 0.1375774708036105 0.07361766357010877 0.9877514257837139 
80339 0 -56.197137123042545 -1649.3826220510707 72.44964939459675 -0.03712444166786552 -0.9964737206062043 0.07524559769233811 0.9931356286853726 -0.045148110812822766 -0.1079039903142717 0.11092068727950892 0.07072320857583475 0.99130965338898 
