807999 0 135.56136206193318 -2791.625871752452 80.1280014317492 -0.9643663746139924 0.2645689444387538 -8.770133570229436E-4 -0.26375283775256475 -0.9611206674296473 0.0817404625449264 0.020783072230400053 0.0790590682853832 0.9966532634926317 
808003 0 135.6197776680854 -2791.5849462819087 80.32374537778925 -0.964492326140874 0.26411073387073863 -2.7031393973381973E-4 -0.2631270660291271 -0.9608108558904718 0.08721608983394419 0.022774984923584495 0.0841903762747212 0.9961893798894118 
808009 0 135.61637223352443 -2791.235664272097 80.89861913788681 -0.9652023325178181 0.2614965491965979 0.0020030128393697944 -0.26009058381378836 -0.960751847806122 0.09648199390831998 0.027154106753236772 0.09260368078750215 0.9953327146191069 
808019 0 135.703749627067 -2791.3448936399695 80.86796810925455 -0.9650771921174008 0.26195782021797975 0.0020282212497612084 -0.26050810842467165 -0.9604943791331363 0.09790849349597056 0.027595990647064726 0.09396088590629406 0.9951933546903892 
808029 0 135.68919456986626 -2790.9096025549456 81.49519606218337 -0.9655444289798146 0.2602005056533099 0.0044331167146375045 -0.25820877696875166 -0.9599988436219782 0.10830719154685099 0.032437372926073786 0.10343073577146537 0.9941075896176571 
808039 0 135.81431444639333 -2790.871129606196 81.28916929112553 -0.9654607850344108 0.26051514695722605 0.0041630237321145305 -0.25858121886793467 -0.9600087777737492 0.10732613775835517 0.031956623875379765 0.10254269746406658 0.9942151524631277 
808049 0 137.24787580196283 -2793.011119628346 79.92574872934505 -0.9609393218519717 0.27672174225129603 -0.004549404805037712 -0.2758660057904661 -0.9563893080156906 0.09600749117898623 0.02221635811485173 0.0935123995985339 0.995370214821318 
808059 0 135.21721907037062 -2791.1897791614856 80.91720064053965 -0.9669944294931053 0.2547945876879706 -0.0012212347116131658 -0.25362963094386026 -0.962092704996406 0.10024787927921394 0.02436767606040936 0.09724888214069946 0.9949617436292705 
808069 0 136.85349816568365 -2793.0808109431237 79.76965938065368 -0.9628289002776074 0.27000168652603446 -0.007719978193625693 -0.26953651768686476 -0.9585202588611635 0.09267674458010673 0.017623121841814714 0.09131266410430129 0.9956663210889088 
808079 0 135.81296981418032 -2790.3698363226617 81.63061423053794 -0.9656329584598072 0.2598661085102233 0.004753439166845284 -0.2575909836115542 -0.9592961198826376 0.11574903688648189 0.034639207528349175 0.1105466418570415 0.9932671167797404 
808089 0 136.3438123545115 -2789.44370519803 81.30264974213443 -0.9676316081712801 0.2522507947556271 0.00765554785867845 -0.2501229903860857 -0.962622736601389 0.10390359309655647 0.03357916836647562 0.09862557235933883 0.9945579097913849 
808099 0 135.86121951804515 -2790.316459109399 81.53346492113363 -0.9655706768759974 0.2601016899958763 0.00451429047772485 -0.25784699753426193 -0.9592117846520615 0.11587785831285304 0.03447018740585204 0.11072426584040355 0.9932532119929486 
808109 0 136.38849147398176 -2789.4166057735197 81.43805966782794 -0.9673932249933143 0.2531548246595003 0.00793618224668353 -0.25089519621713124 -0.9621060773837329 0.10678715454797807 0.03466913255623945 0.1013140198240314 0.994250230392176 
808119 0 136.01594348521473 -2790.4777891932404 81.06964186235868 -0.965196184366871 0.2614822201145492 0.004834692089411187 -0.25941118611624464 -0.9595709467907086 0.10922195105813677 0.03319882831360208 0.10416643720099776 0.9940056293399218 
808129 0 136.0266709076478 -2790.6427967558225 80.87713948226235 -0.9648285567332321 0.2628545347523827 0.0036537203199963862 -0.26094062411277624 -0.9593035036420472 0.10792024178868195 0.031872351650029315 0.10317112706664205 0.9941528412372498 
808139 0 135.65448265001072 -2789.2421770376036 80.64768034939115 -0.9672098385750741 0.25395762584785975 0.0032638071783757296 -0.2524325760934597 -0.962658606608634 0.09780696114869838 0.02798075571529174 0.0937759638502414 0.9952000532121971 
808149 0 135.9369625518549 -2791.0925305875066 78.93066825871853 -0.9638713324354541 0.2663677223367143 -5.394499545315519E-4 -0.26568458478208706 -0.9612503977133566 0.07354844869257056 0.0190723862762988 0.07103456477704904 0.9972914993564638 
808159 0 136.3076124553615 -2790.7494336144923 79.60789959590912 -0.9646700035432955 0.26344550910415687 0.002871932560120463 -0.26215778664786926 -0.9609235825246081 0.08887723807569005 0.026174016957061542 0.0849843060860311 0.9960384473279167 
808169 0 136.18601437282882 -2790.6333141303467 80.1395496790617 -0.9648831223136223 0.26263748436750334 0.004702348288340619 -0.2609702882464552 -0.9604897703625455 0.09671561239772297 0.029917702566833473 0.09209208887854553 0.9953009485774181 
808179 0 136.30291847840454 -2790.3813977969053 80.51938539193532 -0.964767858224244 0.2630626948916928 0.004582389521333385 -0.26120080393506534 -0.9597392247512188 0.1033187325590346 0.03157720318648634 0.09848166849850738 0.9946377437080645 
808189 0 136.60533591637966 -2789.277078894422 80.12153214936406 -0.9673259837744249 0.2533863051342832 0.008707553343914714 -0.25162121720788255 -0.9636673952552868 0.08962094829176086 0.03109990620025669 0.08450166680182604 0.9959378816683535 
808199 0 136.18987596370516 -2790.241879824266 80.62492316731394 -0.9652958162057135 0.2610841156073744 0.006250743416639655 -0.25901668317957655 -0.9601627426071745 0.10487070870228604 0.03338180717690939 0.09961220952566024 0.9944662199708048 
808209 0 136.32374390900972 -2790.3306099759043 80.1185941811181 -0.9650710296243522 0.26189809386349877 0.0068772240372737565 -0.25999052279463547 -0.9606172617228573 0.09807856308618974 0.03229296884408454 0.09286476678883947 0.9951549121882934 
808219 0 135.79007791847732 -2790.200413475444 80.33097790626599 -0.9648872291713952 0.2624821517379984 0.00978544842803854 -0.2598947566005686 -0.9594458806434335 0.10917104747998664 0.03804405963456842 0.10279456277127065 0.993974812251892 
808229 0 136.33326703770655 -2790.157250220993 80.3716604895664 -0.9651108814124228 0.26178094926948414 0.005632155795423012 -0.25981386674817086 -0.9600873395432314 0.10358115221488678 0.032522933826760664 0.09850398493648677 0.9946050591701879 
808239 0 136.62466152829913 -2790.6672205225086 79.40770999334045 -0.9637020509199273 0.26681736361994396 0.009319416485407555 -0.26496064465410146 -0.96011504460571 0.08930261981744125 0.032775201558630104 0.08359183927081704 0.9959609382752481 
808249 0 136.04564686876938 -2790.525377883366 79.63889172750638 -0.9642254284490913 0.2647294235373988 0.013698738836938168 -0.26215456327141173 -0.959958000536433 0.09877055311209432 0.03929768553161271 0.09164589199549622 0.9950159407729143 
808259 0 136.00545450512135 -2789.9979952117915 80.22330524871546 -0.9646045145045326 0.2631963522319886 0.016303704157342842 -0.25998285642457825 -0.9595304714360724 0.10821362553295194 0.044125332438320765 0.10014466814286113 0.9939939640056994 
808269 0 135.89919181556434 -2789.8884338708385 80.68929295597238 -0.9644743781471323 0.263544734218099 0.018257791860297107 -0.25978396945991056 -0.9587208717794603 0.11561392314978289 0.04797356677749323 0.10676358499199637 0.9931264138116064 
808279 0 135.75373856961303 -2789.553822502118 81.16283075670245 -0.9649398792181961 0.2618598692546115 0.017900792393939352 -0.2576943787053378 -0.9581254847644394 0.12485656822361416 0.049846130020725826 0.11586614828700326 0.9920133058599016 
808289 0 137.36511236207556 -2791.9135820785627 76.01211987835131 -0.9610853448398914 0.27556519761732706 0.019462317336598728 -0.27465682004708764 -0.9607219222528569 0.03971170236085781 0.029641038031902482 0.03282087696724665 0.999021620836853 
808299 0 137.7334984233818 -2792.389888855873 74.61213101528466 -0.9605857122773112 0.27755382766094944 0.015458399640544922 -0.2772821581176627 -0.9606269240156996 0.01762151088149797 0.0197406726912309 0.012640633168130518 0.9997252223660289 
808309 0 137.56106003443773 -2792.4950793678977 73.95630310212158 -0.9607428133771525 0.27683240830357964 0.01835930981802101 -0.2767131582851407 -0.9609123048487342 0.008796045825027375 0.02007671726195754 0.00337047520885117 0.9997927611864612 
808319 0 137.64196519271698 -2792.593973273065 73.61326226478639 -0.9606947681712963 0.2771453179183603 0.016001098844459192 -0.27714037209704945 -0.9608260036481562 0.002569993661925026 0.016086533567183234 -0.001965571022470325 0.9998686713605679 
808329 0 137.4800191503782 -2792.987060619931 72.79707030511342 -0.9603996928479633 0.27787432738839585 0.02045209417111292 -0.27807913003570245 -0.9605256323765172 -0.007906135989126276 0.017447848466912663 -0.013280351130082448 0.999759573526424 
808339 0 136.8283775878276 -2793.198401410114 69.1855625496067 -0.9611152796468385 0.2761261997488757 0.0034265203375087134 -0.27603901615763965 -0.9603161783571225 -0.0399411960799079 -0.007738267771390338 -0.03933394714257994 0.9991961568251163 
808349 0 137.08867838154734 -2793.421294478704 68.60877540395252 -0.9611654539064018 0.275881206418197 0.007108457085794946 -0.275840776532577 -0.9595904339035997 -0.05566026556356132 -0.008534413793889434 -0.05545952673744546 0.998424461176334 
808359 0 136.80521141539074 -2793.8950122788983 67.30905710007265 -0.9603664036671467 0.2785530214307296 0.010226678798256958 -0.27856222977111655 -0.9577927418152844 -0.07096582185040692 -0.009972705368898964 -0.07100195756295416 0.9974263216748664 
808369 0 136.58673525793114 -2793.8491453539705 66.76595332796475 -0.9614568384865493 0.2740434563356878 0.022381505021769475 -0.27494976994730297 -0.957701248067381 -0.08491727419145012 -0.0018362280290553125 -0.087798083633817 0.9961365994565473 
808379 0 137.31854227398122 -2794.415347642348 65.15047588081858 -0.961079617470034 0.27517922249323196 0.024543112917340452 -0.2761477954465315 -0.9541921704338011 -0.11515075750012423 -0.008268249734591936 -0.1174465724951229 0.9930447817976158 
808389 0 137.35127172049508 -2794.3058050672835 66.61584390406563 -0.9604199580977981 0.2774104136467528 0.02523819501789632 -0.2785473434222062 -0.9557210535882161 -0.09491388307651176 -0.0022094252319059156 -0.0981872197822493 0.9951655079993362 
808399 0 137.4236489661697 -2793.9979666862646 67.30804835176257 -0.9612447105496434 0.2746409662818135 0.024102823073736814 -0.27569657487687754 -0.9575416424988292 -0.0842935435356852 -7.100345307407482E-5 -0.0876717886234561 0.996149412707789 
808409 0 137.3289951064562 -2794.6532705314103 65.87066614794 -0.9603204329430077 0.2774159452186121 0.028723847420188194 -0.2788939624584158 -0.9545759417936873 -0.10489484759957717 -0.0016804095923346422 -0.108743573084384 0.9940684139114588 
808419 0 136.81827239961797 -2793.9855443891597 65.80062094943187 -0.962861132825638 0.26829536191536485 0.030266114194464518 -0.26999499085308587 -0.957228904796427 -0.10399773428529498 0.0010694895843597011 -0.1083070754703317 0.9941169114319968 
808429 0 136.7373281548973 -2793.732042452212 66.2316103752605 -0.9631080131467754 0.26743823202673694 0.02999578408516624 -0.26909887827186835 -0.9582739722315291 -0.09641985198302627 0.0029578244188713312 -0.100934563921482 0.9948886696915834 
808439 0 136.73607005787397 -2793.881757263096 66.02882723950951 -0.9628220472042396 0.2684404195953348 0.030223278196077855 -0.27012591871151315 -0.9577279368588627 -0.09894032039733469 0.0023860967494837085 -0.10342601262519435 0.9946342877936372 
808449 0 136.68727168916126 -2793.521608043621 67.58672310722503 -0.9632125186196138 0.26734456600565665 0.027359221511353768 -0.26867886780278943 -0.9601733765237628 -0.07667302662062972 0.005771479071385697 -0.0812032637410817 0.9966808516205797 
808459 0 137.74373724218844 -2793.5796757324283 67.70908445895157 -0.9600910462416563 0.27967132391612826 0.0030221690226927356 -0.2791518744087713 -0.9575274127535829 -0.0722183137403477 -0.017303581729550363 -0.07017980054424341 0.9973842698052232 
808469 0 136.6052924271074 -2793.529406143627 66.81247367733953 -0.9628730531450281 0.268942004368271 0.023359833337349083 -0.26995452734620684 -0.9593225072119618 -0.08261283388095023 1.9155275475353332E-4 -0.0858517643553838 0.9963079031427033 
808479 0 137.14208405764813 -2793.3679077639144 69.55052120229023 -0.960797695066779 0.27724773618183857 0.0012173481056249463 -0.27711422112417855 -0.9601788805179247 -0.035555953904861826 -0.008688935786649168 -0.034499423029819135 0.9993669457238943 
808489 0 136.52828649280914 -2793.9297172753672 66.388024242288 -0.9628551518054911 0.2680127275540432 0.032850182810251545 -0.269936171083708 -0.9584147447734542 -0.09260475442169204 0.00666484675681852 -0.09803241744380765 0.9951609040491047 
808499 0 136.4111147929553 -2793.5616258052937 67.0442911313472 -0.9635975364133204 0.26534188723986435 0.03276386262587008 -0.26718603620923004 -0.9601052743111339 -0.08251959945820264 0.009560851059386132 -0.088269729329648 0.9960507241155397 
808509 0 137.26513688929376 -2792.9072941924305 68.78652122975821 -0.9621239732473186 0.27233563549271866 0.012278507383633112 -0.2725827607668515 -0.9603805774395462 -0.05803262022005516 -0.004012310495747017 -0.059181484584799035 0.9982391763734906 
808519 0 136.97677378588256 -2792.872832857628 69.31821742078718 -0.9618671629518405 0.2733841797362372 0.008523561750940623 -0.2734997748217133 -0.9609894391456228 -0.04119673558734057 -0.003071482939796239 -0.041956979401833634 0.9991146970553607 
808529 0 136.49849415328842 -2792.1402333305277 69.79652737419464 -0.9638676901427841 0.26637128337170324 0.002327078366934303 -0.26634444477121477 -0.9635514187750611 -0.02508585490032341 -0.004439891702215175 -0.024799249413611987 0.9996825919211532 
808539 0 136.67736349413988 -2793.3400912735437 68.79840899291574 -0.9613218915371725 0.27539957189405123 0.00391109344889272 -0.2753423022002421 -0.9605753378536545 -0.038492037181838704 -0.006843790650160944 -0.038080127467102765 0.9992512528997028 
808549 0 136.52822976304824 -2793.8359416151416 65.50296832463434 -0.9631636705332692 0.26683561467026573 0.033384105625602845 -0.2688767303458852 -0.9576917485291393 -0.10262464946447321 0.004587771069491799 -0.10782054323152589 0.994159787365126 
808559 0 136.87441579916856 -2794.39007717926 65.33667453686047 -0.9609635876823992 0.2738649608270606 0.03933149348504932 -0.27654458103829005 -0.9551182827601511 -0.10617043202161729 0.008489867309240062 -0.11290283064871683 0.9935697625152338 
808570 0 137.431024226092 -2793.2758350563286 66.30108729879942 -0.9612864578156185 0.27518966389475563 0.014106555419119262 -0.27526232862886824 -0.9566775917494759 -0.09486114000072057 -0.012609379767228113 -0.09507173254924309 0.9953905611426963 
808579 0 137.07695732797174 -2793.2868653337136 67.86545275560609 -0.9607298258721759 0.27741202858340536 0.006384988399237486 -0.277277789439136 -0.9588663561470514 -0.0607646157975354 -0.010734484774067495 -0.060148794223290954 0.9981317014252773 
808589 0 136.55080115557524 -2793.8655719916765 64.21966091237131 -0.9636181668607461 0.26349590305457266 0.04483232728055321 -0.2671314046502437 -0.955070730596395 -0.128377226203311 0.008991170420092065 -0.13568274994089546 0.9907115373422039 
808599 0 137.521797410852 -2793.6340384531436 66.93870676055187 -0.9600399997241136 0.27946985421902953 0.014825637002105102 -0.2796876375675071 -0.9562177721134525 -0.08615333821908563 -0.009900723288254894 -0.08685719818863463 0.996171572973848 
808609 0 136.17897474999967 -2793.17516575157 66.49875062101128 -0.9649364433596079 0.2602120588414576 0.034457868622420944 -0.2622878943082275 -0.9609412457679708 -0.08830052480736612 0.010135125843632313 -0.09424227615773102 0.9954977009560311 
808619 0 136.17614250500773 -2793.5772295586676 65.14181789824548 -0.9641109702588759 0.2635568382087689 0.03205978883095914 -0.26547738827576955 -0.9585380363322249 -0.1035692484217139 0.003434143381567922 -0.10836339759235687 0.994105417308182 
808629 0 137.14262272935474 -2792.708242218432 66.20451210550776 -0.9630261626862121 0.26915196598686525 0.011740067600936406 -0.26908713544007296 -0.9588400548835698 -0.09065242794061558 -0.013142432138880633 -0.09045976097844817 0.995813390209831 
808639 0 135.95247643455158 -2793.523418933164 64.59244831680164 -0.9645399067814425 0.2618392701947617 0.03321091401814871 -0.2639209484791446 -0.9582053297562978 -0.11040053885961512 0.002915678294158175 -0.11525078138780331 0.9933321479795089 
808649 0 137.25744848957282 -2794.143334457163 65.0522746416965 -0.9596129186833066 0.2812328037351408 0.0071523701929833644 -0.2805484220649438 -0.9547726963195237 -0.09849711284914331 -0.02087173143215102 -0.09652568811471124 0.9951116331151018 
808659 0 136.96432029145376 -2792.839419077497 67.23106150354347 -0.9627124393713055 0.2704502891348004 0.0064342976814445625 -0.2702992102147048 -0.9606549080554241 -0.06387867082470902 -0.011094865346519937 -0.06323597659503302 0.9979369294835296 
808669 0 136.82074751886435 -2793.1273665535277 68.43070656039276 -0.9616852124170076 0.27411426574479414 0.004787643851351464 -0.27407025503317073 -0.9608006636491524 -0.0418040672351514 -0.006859119805615261 -0.04151450405027933 0.9991143570327431 
808679 0 135.67178348864715 -2792.43186146094 67.23220997503292 -0.9645023241544375 0.2633939463503523 0.018944543453883248 -0.26406522425929635 -0.9625805938293699 -0.06089464442777364 0.002196369180232447 -0.0637356211947854 0.9979644014459326 
808689 0 136.90002948039492 -2792.4161719546655 67.89004699919172 -0.9635492139855003 0.2672980107381479 0.011166274372127352 -0.2674837594783534 -0.9617535365827434 -0.05901333142529783 -0.0050349422291664035 -0.05984904615793496 0.9981947410354031 
808699 0 136.75879543920107 -2793.679224384189 67.49031207380878 -0.96059798531644 0.2779091840832133 0.004242170222808702 -0.2777536223334799 -0.9592754490906761 -0.05141534841379934 -0.010219387781429194 -0.0505677582465788 0.9986683463188811 
808709 0 136.83686155315334 -2792.6774780996093 69.69202736822102 -0.9623629627264892 0.2716564582726273 0.007765091825993108 -0.2717667929204929 -0.9620289926625035 -0.025357987745062243 5.815823275476953E-4 -0.026513882317403387 0.9996482760483585 
808719 0 137.34478149076241 -2792.5037730144027 68.7561924082303 -0.9625841516097166 0.27097194497690547 0.002440513313872808 -0.2708404038744586 -0.9617467689969507 -0.04109291852675215 -0.008787872263660328 -0.04021638172883123 0.9991523487145084 
808729 0 136.9103033194194 -2792.115081778766 71.56696323820998 -0.962358332474612 0.27107232790548597 0.01965281050091484 -0.2712329684279092 -0.9624951575664665 -0.005979004840899642 0.0172949921789211 -0.011084435258660132 0.9997889870070221 
808739 0 136.66854283080852 -2792.782175399235 69.60329789611944 -0.9620115068399826 0.2729535590286255 0.005496846466181772 -0.2730080839871919 -0.9617643134077787 -0.021817230184107722 -6.684198594436698E-4 -0.022489110006192276 0.9997468645342288 
808749 0 137.431429760031 -2793.2349464541676 69.17504727355234 -0.9604696876133768 0.27830171375347534 0.006792296941474946 -0.27836164588370704 -0.9597913840558412 -0.03626697110438811 -0.0035739721286224863 -0.03672404136327485 0.9993190539107982 
808759 0 137.54689730549183 -2793.237960354131 68.44790817547624 -0.9607634379204026 0.2773360685730408 0.004280353235221231 -0.2772263078628207 -0.9596593789672907 -0.04689830049012956 -0.008898909153216603 -0.04624479893527004 0.9988904984968673 
808769 0 137.48475754255142 -2793.22405374431 67.56456612871473 -0.9612770014805695 0.2755762270046123 0.002066285175756657 -0.27522292807792054 -0.9596069628400252 -0.05836794264969644 -0.014101995771555728 -0.05667644994920579 0.9982929999436109 
808779 0 136.88973678704696 -2793.311479429561 67.56810659678763 -0.961609578549733 0.27434725131912285 0.0063721374001985825 -0.2743090505493814 -0.9602933602556195 -0.05090390000449758 -0.00784622381161019 -0.050697612790081344 0.9986832274696943 
808789 0 137.38384369343825 -2792.4792000617836 68.91222250378098 -0.9625280884270611 0.2711362063768608 0.004983631257629703 -0.2711258574927166 -0.9617923437814616 -0.03802968369841987 -0.005518005779883286 -0.037955830051878206 0.9992641825750017 
808799 0 137.75293880071803 -2792.2469011935013 70.92171659854169 -0.9619928293685582 0.272475973810774 0.018073182878127297 -0.272828248505877 -0.9618285358393763 -0.02122768151016126 0.011599269834400315 -0.025351752226460536 0.9996112972542661 
808809 0 137.38895701713668 -2792.752558331989 68.3474892208352 -0.9619373171293789 0.27324932829769105 0.003376758622331497 -0.27313246651523776 -0.9609868392259778 -0.04362282166214321 -0.008674886122327186 -0.04288472244663939 0.9990423649332588 
808819 0 137.56314312891539 -2793.06251266307 68.84009364332175 -0.9608479881575885 0.27697579581134346 0.007453334031654215 -0.27704679551176103 -0.960007873832164 -0.040372704602394505 -0.0040270026296152315 -0.04085695430303993 0.9991568908509318 
808829 0 135.943190348778 -2792.9735047159475 66.94539650855047 -0.9630706975609359 0.2682866424907943 0.02274002991442607 -0.2691789527022747 -0.9613028193057885 -0.058647941283977836 0.006125595611760093 -0.06260325115965695 0.9980196942058017 
808839 0 137.61378850282594 -2792.3453907582284 68.23707587991797 -0.9626453547183126 0.27058506071533595 0.009881596881687039 -0.27072144583103674 -0.9611899579235926 -0.053139096285082454 -0.004880553903730449 -0.053829264387693546 0.9985382268541712 
808849 0 138.05510674268052 -2792.4244300436985 69.78492525776451 -0.9616769799461464 0.27374430221729923 0.015538444105605844 -0.27413534969554393 -0.9610356610868646 -0.03550025586717604 0.00521500613239652 -0.03839941565827624 0.9992488621900668 
808859 0 137.57191576674802 -2793.0412388022087 68.61018320288144 -0.961183445767872 0.27581919708769737 0.007081955923200267 -0.275874528534412 -0.9603307344919502 -0.04072007976499066 -0.0044303597727601875 -0.04109319783187068 0.9991454954130726 
808869 0 138.45470587756034 -2790.529628117126 70.93815613318989 -0.9649808653106281 0.26166345605287916 0.01855169401468391 -0.2620763773544969 -0.9647186702771761 -0.025176569491901796 0.011309377396428403 -0.029156868575006014 0.999510867873784 
808879 0 137.62223781881187 -2792.62095799338 68.54040874834037 -0.9621514519465577 0.27244666439741855 0.006115437502846679 -0.2724707492579865 -0.9613462263698062 -0.03966262527020905 -0.004926897190151172 -0.03982773033018489 0.9991944143062569 
808889 0 137.39185718776926 -2791.604406355456 69.47031051279647 -0.9643654882402336 0.26447383098315586 0.007266210585231213 -0.2645731040083404 -0.9639451100511088 -0.028476261059829137 -5.269976923342385E-4 -0.02938396728913136 0.9995680590834143 
808899 0 137.56699974966403 -2792.2333599164067 69.72209983302598 -0.9627711572148241 0.270127257757614 0.01014709079391647 -0.27030174486984465 -0.9624443420563478 -0.02525579466263509 0.0029437315682299607 -0.027058327000673524 0.9996295220652394 
808909 0 137.20777527322588 -2791.2964640572336 70.83002272183967 -0.9648338380664601 0.2626456298740858 0.010627230588850789 -0.26273945286631006 -0.9648279159286377 -0.008664441835089735 0.007977770957849451 -0.011151939420852002 0.999905990289936 
808919 0 137.6836857197183 -2792.4152014349424 69.44149415795813 -0.9620835213507618 0.2724872064780562 0.01208388394115705 -0.2727311482424158 -0.9616408510850958 -0.02940398446989883 0.0036081468500609084 -0.03158474046304323 0.9994945649908211 
808929 0 137.35258161239392 -2791.8853650032397 69.00358312508106 -0.964052811082404 0.2656285412169729 0.006607233540412462 -0.2657021135714921 -0.9635236254376632 -0.032009530879156506 -0.002136419377498448 -0.03261443414202789 0.9994657244737504 
808939 0 137.78476879217445 -2792.682724691701 69.04043129053515 -0.9616402472687722 0.2740681124376213 0.011606230125848164 -0.2743098330436162 -0.9609915750078928 -0.035345555016622475 0.001466399822077062 -0.03717341131412403 0.9993077539791398 
808949 0 137.68345830476738 -2792.4544360857462 68.94568245135297 -0.9623357206770123 0.27170083684938134 0.00941360528178202 -0.27186337603456273 -0.9616912886674913 -0.03521604850277666 -5.152476542887629E-4 -0.036448875927878245 0.9993353861259238 
808959 0 137.7824881369937 -2792.725326652077 67.57610171220492 -0.9621639185277145 0.2724212488789608 0.005220827771624335 -0.2723077147984597 -0.9607460135880014 -0.05306228261208488 -0.009439403828334922 -0.05247628544391595 0.9985775568884842 
808969 0 137.60605749019547 -2792.013907090113 69.45241259302503 -0.963415329553666 0.2677278607801774 0.012356995713803942 -0.26798538632783675 -0.9629524360007224 -0.03010712066928012 0.003838684113220963 -0.032317155851721666 0.9994702926760427 
808979 0 137.6044899218668 -2792.305493342485 69.817512884572 -0.9625595111941209 0.27078424280126223 0.012453162661841113 -0.2710111370687388 -0.9622938014203095 -0.023315302544877296 0.005670184692271604 -0.02581731199402765 0.9996505966621329 
808989 0 137.63689156640837 -2792.558822426817 68.83158519566183 -0.9623940861827291 0.271446277725672 0.010702391760125447 -0.27165692176429823 -0.9617002324783281 -0.03654011095598277 3.738155371022147E-4 -0.03807336549356984 0.9992748766490313 
808999 0 137.88116226741073 -2792.6796028346007 68.88472408836195 -0.9616090747727708 0.27420474053639027 0.010942923833534115 -0.27442260493895393 -0.9609111734532977 -0.03663264433705665 4.703330462868388E-4 -0.03822926889148402 0.9992688836278492 
809009 0 137.45114507218042 -2791.402398532894 70.41567467456518 -0.9647925128036855 0.2626885853719039 0.013042789320475737 -0.2628722439692642 -0.9647102420787144 -0.015242446620934078 0.008578495702277889 -0.018134385672978846 0.9997987564843983 
809019 0 138.05293634002504 -2791.490518928275 72.28676849191966 -0.962498816221475 0.2701724500625541 0.024553533339542334 -0.2701943058089803 -0.9628026054498384 0.002485970113651135 0.024311846508698248 -0.004241481604284111 0.9996954255937851 
809029 0 137.8354147744851 -2791.394717470619 73.3698250731856 -0.9624745632072317 0.26998694475815405 0.027381834109609753 -0.26955086652846766 -0.962806487880211 0.018601001304378202 0.03138543504240344 0.010522193494264497 0.9994519687865295 
809039 0 137.11562949102807 -2791.3836866888173 70.72515902530435 -0.9628825776436021 0.2698708202011535 0.005184792606191924 -0.26984294635369155 -0.9628886753621493 0.00549392050217037 0.006475026916644257 0.0038909206214111755 0.9999714669745071 
809049 0 137.12379293913392 -2792.0058105259745 70.08328364742782 -0.9627433087688103 0.27022417101407836 0.010208761954190163 -0.27032711930183795 -0.9627104032930538 -0.01057960118792908 0.006969217377373502 -0.012945145463835704 0.9998919207684739 
809059 0 137.41993750208948 -2792.0400125218052 69.45529844080947 -0.9628161140049327 0.2700082427729459 0.008982173851934878 -0.2701462805320247 -0.9625478746057502 -0.022859925779966227 0.00247340396075062 -0.02443640576310048 0.9996983266697158 
809069 0 137.68252020377062 -2792.4917014021507 68.67442473359881 -0.9624634968568514 0.2712276638663714 0.009978555590475106 -0.2714106425950876 -0.9617392487115025 -0.037334710042482386 -5.294376291413569E-4 -0.038641581766605856 0.9992529949188904 
809079 0 137.623157215874 -2792.1481584638263 69.41907147983267 -0.9629689642273818 0.2693337599894348 0.01225151683658511 -0.2695790693427275 -0.9625688491022546 -0.028077323773287595 0.0042307572788483315 -0.030340343899082967 0.9995306719780704 
809089 0 137.63374968199864 -2792.5262461753564 69.20816851784659 -0.96231122506239 0.2716629088412409 0.012504802231059202 -0.27192415041943585 -0.9618408014194858 -0.030323738941449595 0.0037897938717375472 -0.0325812320920623 0.999461905616103 
809099 0 137.80941577247427 -2792.6743450408885 69.11266839230122 -0.9616831449139891 0.27386876957034767 0.012705346998928434 -0.27414717376304965 -0.9610963582406491 -0.03372116982392674 0.0029758874427023244 -0.035912215617887655 0.9993505175179241 
809109 0 137.62599851073514 -2791.715950190139 70.07486364478194 -0.9638897672883945 0.26593966444159434 0.013878450685036965 -0.2661805858192252 -0.9637132980284399 -0.020114048227084687 0.008025724245129089 -0.02308189939843857 0.9997013622429956 
809119 0 137.73507557157617 -2792.487344749201 68.86813563228101 -0.9621330577924477 0.27241113486780033 0.009599619939946565 -0.2725801577978396 -0.9615112347814854 -0.03458616723327499 -1.915146448529829E-4 -0.03589316075550176 0.9993556145502559 
809129 0 137.72756596564767 -2792.3776516479884 68.8919769700036 -0.962730992770598 0.2702247971618352 0.011295776103648677 -0.27045680720601 -0.9621033118639087 -0.03478983668299645 0.001466627038437504 -0.036548273548054906 0.9993308124469031 
809139 0 137.8594361670052 -2792.9262869905815 68.8667696478574 -0.9609414959176229 0.27646871334620293 0.012509674827749579 -0.2767436530561842 -0.9602740594978552 -0.03587033800548896 0.0020956900341702845 -0.037931269372441734 0.9992781529119286 
809149 0 137.70395981196688 -2792.1524933918918 69.02499240997291 -0.9632493055528297 0.26833692858375785 0.012085864066193136 -0.2685992717644466 -0.9626212683689033 -0.03485290363015621 0.0022817886843911643 -0.03681828950507124 0.9993193718718358 
809159 0 137.55291294978585 -2791.903657866444 69.96343139647547 -0.963627575510623 0.26692749562115836 0.013099915913289666 -0.267147525349966 -0.9634536665553073 -0.01972896602774921 0.007354958525243135 -0.02251098581917939 0.9997195407225666 
809169 0 137.5597017244169 -2791.9635045894547 69.90366833064357 -0.9634544651403908 0.2675957913841946 0.012164951068955054 -0.26780466174728407 -0.9632373504320454 -0.02131829916000944 0.006013048101108008 -0.023797041121103504 0.9996987266603947 
809179 0 137.33852669595896 -2791.315531119605 70.51615328758692 -0.9647513842702822 0.2628535726201027 0.01275797434637708 -0.26299853272038703 -0.9647284813940539 -0.01143367718830041 0.009302598319714922 -0.014385984428293877 0.9998532417892791 
809189 0 138.0469880380409 -2791.876522572161 69.02276604441447 -0.9628905095423157 0.26963889448450423 0.011693297845947012 -0.2698866537845614 -0.9622469882456877 -0.03524099489338911 0.0017494977313348 -0.03708908455702245 0.9993104317800404 
809199 0 137.6794102496058 -2792.2566554790856 68.51012448035601 -0.9632835676734876 0.26830907685295297 0.009747180543806317 -0.2684812121611175 -0.9624128235269972 -0.04098043224869444 -0.0016146103970901436 -0.0420927118288784 0.9991124044091111 
809209 0 137.7141670877574 -2791.878385489647 70.58434672261917 -0.963256395867262 0.2681129051097352 0.015892952350990197 -0.2683306086719086 -0.963230408689735 -0.01363320304144056 0.011653337314939269 -0.017396835603759465 0.9997807508851131 
809219 0 137.82584975065575 -2790.9109243917214 69.45617317543613 -0.9651491084806377 0.2614691081216248 0.01100472158267799 -0.2616767875233921 -0.9647748337835583 -0.02710680669767089 0.003529485864497199 -0.029041790509358553 0.9995719669606294 
809229 0 137.84061130487578 -2792.8910231729483 68.45745182886226 -0.9614173474001846 0.27487464745707996 0.010982363285684655 -0.2750926896129187 -0.9605253855778126 -0.04141250755659201 -8.344096853940214E-4 -0.04283587101881395 0.9990817743881311 
809239 0 137.79057285689083 -2792.7668590727662 68.50114307026419 -0.9616104847658705 0.2742059609690053 0.010787333192769508 -0.27441708595937964 -0.960758669431496 -0.04047273212650625 -7.338405207903331E-4 -0.04187923210000159 0.9991224106168395 
809249 0 137.71536348316735 -2792.1924822283013 69.37758699367329 -0.9628257060641501 0.26984872299540374 0.012178934264576108 -0.270094376329272 -0.9624042849045708 -0.028757960161031826 0.0039607596963920095 -0.03097836495155605 0.9995122076731009 
809259 0 138.15265584579961 -2791.79599516126 71.58441938935137 -0.9625266704107165 0.2699940835598272 0.0254087306009008 -0.2703255866473286 -0.9627105672469963 -0.010603816046329371 0.02159828585415363 -0.017075085758373573 0.9996209058910823 
809269 0 138.11500156807486 -2791.571775291401 72.65652624408044 -0.9622533950593304 0.2708259532887776 0.026864599792610293 -0.27074173382175154 -0.9626280491371817 0.0067935691308454015 0.027700492125306002 -7.362333655525246E-4 0.9996159966189252 
809279 0 137.3037871851319 -2792.044871764308 70.49144985197847 -0.9621310346678551 0.2724187225634044 0.009587060335972626 -0.2724746323357913 -0.9621495271530256 -0.0050854825419765146 0.007838804911339852 -0.007505131320122366 0.9999411113367773 
809289 0 137.7471983154369 -2792.347197442382 69.92953996217318 -0.9620641795753452 0.27252806796563195 0.012687259315469582 -0.27274231699411805 -0.9618708232073226 -0.020399705467177735 0.006644012243977612 -0.023086178405865413 0.9997114010892917 
809299 0 137.8370277361003 -2791.9476294730057 68.92354462644366 -0.9630454251264503 0.2691115497190028 0.011067201581759816 -0.2693347343613594 -0.9624486259661994 -0.03393292268978443 0.0015198715441126828 -0.035659727755713314 0.9993628339131281 
809309 0 137.98451206328934 -2791.6098765573424 72.00550688820019 -0.9622094782034648 0.27118380265564096 0.024743993870071437 -0.2712909324814929 -0.9624968555422988 -0.0010163781329329356 0.023540391006476882 -0.007690789843274837 0.9996933038401566 
809319 0 137.5026258608379 -2792.3102808485446 70.03893351751834 -0.9624488274307266 0.27124559452813757 0.010866555401627467 -0.27139725295398653 -0.9623260057725334 -0.016498172714326145 0.005982112189628817 -0.018827800268726803 0.9998048450926769 
809329 0 138.07031403110767 -2791.5614036402108 72.21348535328625 -0.9626313384260152 0.26953842323581734 0.026266798047876995 -0.2696107042139819 -0.9629690552895839 8.165340942578843E-4 0.025514201013930954 -0.006295788611108621 0.999654634657583 
809339 0 137.98032703345552 -2791.3673241118845 73.36928758473692 -0.9623819378896961 0.27030575976050447 0.027491850864748382 -0.2699066767201332 -0.9627294848888467 0.017387489397532995 0.03116715395358808 0.009313171637644592 0.9994707966461449 
809349 0 136.9573291027622 -2791.3675953367992 70.05344639079854 -0.9629164072875053 0.26978985543236794 0.0023294811236024534 -0.269773606066484 -0.9629071992067828 0.00565041464272247 0.003767498693926138 0.004812444444476996 0.9999813229916147 
809359 0 137.64554114541036 -2792.4368128896413 69.04121615164627 -0.9624533834783174 0.27123442676622395 0.010741059907507958 -0.2714434183383368 -0.9618906805486743 -0.03293613994394006 0.001398310386660201 -0.034615089345631296 0.9993997400027966 
809369 0 138.23201083861028 -2791.837356106257 66.69264320597536 -0.9637488386902974 0.2667555914507048 0.005443376974618527 -0.2665140952683457 -0.9615131738547541 -0.06680309519066124 -0.012586220496969221 -0.06583214210051216 0.9977513298011987 
809379 0 137.76438607809325 -2792.785778439591 69.39364835620204 -0.9615053297899276 0.27444379036939764 0.013715200080222416 -0.27473234675013186 -0.9611072977476612 -0.02819396859886436 0.005444119279342963 -0.03087666017992504 0.9995083758635568 
809389 0 137.915651986874 -2792.985635855126 68.96471835307162 -0.9610914989975011 0.27597410606369527 0.011892154433934217 -0.2762249525811044 -0.9604478273849663 -0.035210033272699816 0.001704736432092316 -0.03712497345241161 0.9993091764913679 
809399 0 137.70489949986407 -2792.312636614449 69.4905845893439 -0.9626689161830531 0.270363366644376 0.013122796640375934 -0.2706285642930205 -0.9623084953976413 -0.026880101826932006 0.005360783864736407 -0.02942804210691695 0.9995525260505866 
809409 0 137.79113596899373 -2792.419908877518 70.65228903606602 -0.9618123995483363 0.27307647146723146 0.018605074739915035 -0.273334896522641 -0.9618296374920099 -0.013106593186105044 0.014315810072386203 -0.017691500021062245 0.9997410006641604 
809419 0 137.67937305663898 -2791.9600351652357 70.51851171128455 -0.96305888807428 0.2688681523180609 0.015082929761935704 -0.2690683232810525 -0.9630290847860847 -0.01331237254583285 0.010946027035161978 -0.01687893732283028 0.9997976225051731 
809429 0 137.92337644295864 -2792.951805821878 69.26050289229678 -0.9610692094067323 0.2759384964847871 0.014280087115754611 -0.27626503342496467 -0.9605452197104619 -0.03210159183099196 0.004858604431474806 -0.03479694022605442 0.9993825928611542 
809439 0 137.9073323702393 -2792.0237548752107 70.8758356810932 -0.962450360951003 0.2706932401578264 0.02035859617315058 -0.2709693370742305 -0.9625098896503321 -0.012260941679073966 0.01627639612556017 -0.01731710305342451 0.9997175585489143 
809449 0 138.0246789266308 -2791.590729768698 72.44438909543591 -0.9624465413985687 0.270190246107647 0.026341713274241868 -0.270160655896771 -0.9628035736721807 0.004743261483855013 0.0266434786647637 -0.0025513589255285627 0.999641743632324 
809459 0 137.69183862438229 -2792.330435412883 70.77364612287022 -0.9612458779048001 0.27536252545485035 0.013484872493166879 -0.2754450343786106 -0.9613055090368239 -0.00466383228888386 0.011678837578975516 -0.008197430730400452 0.9998981982593148 
809469 0 137.8157288917572 -2792.5296229378646 69.73607624206848 -0.9619388700583741 0.27288626227185525 0.014377000177882375 -0.2731726123086122 -0.9616487510938784 -0.02466583475321136 0.007094656813917978 -0.02765442790730422 0.999592366148228 
809479 0 137.6700664204181 -2792.2849396833167 71.13705261922709 -0.9619295572060944 0.27269772325634883 0.018096372677720633 -0.27281647433172823 -0.962056001750749 -0.0044069069162215955 0.016207970461863123 -0.009176122610698273 0.9998265351886501 
809489 0 137.96490009991322 -2791.4103096038743 72.98506590212853 -0.9626677214090148 0.26941834652557023 0.02616510486513146 -0.2691691288852574 -0.9630093562811674 0.012686992160619137 0.028615349243496367 0.005170519351058413 0.9995771243467477 
809499 0 138.10852018218023 -2791.758892943891 70.21928233754055 -0.9628767853633449 0.2694617492474221 0.016082969280283008 -0.26974652040389174 -0.9627356427638456 -0.019413832235748905 0.010252362573763552 -0.02303145337586021 0.9996821701006032 
809509 0 137.70376071954152 -2792.368578018173 71.09769172943592 -0.9616941842937482 0.27352674853818304 0.018094577356542935 -0.2736555542199025 -0.9618146321531464 -0.005025039373526503 0.016029146583032942 -0.009784232736247194 0.9998236520754962 
809519 0 137.99603776286045 -2791.523103450336 72.93379955529929 -0.9625138714841491 0.2698048298258563 0.027792103253182255 -0.26956828474770944 -0.9629064633052825 0.012003448799845487 0.029999784312102654 0.004061616372009467 0.9995416530658808 
809529 0 137.79852224561853 -2791.069824368579 74.06478841662307 -0.9628986999145863 0.26816600205913227 0.03021736326056648 -0.26736905427258056 -0.9631883097121253 0.027965493939585005 0.0366044057482897 0.018848749919306965 0.9991520615533425 
809539 0 137.4633471998849 -2791.609202570443 72.34889162249088 -0.9623620624266942 0.2712485391275284 0.016837185721530423 -0.27094239725474806 -0.9624193012977523 0.018420256767931333 0.021200900256591146 0.013165048831200801 0.9996885531592237 
809549 0 137.5726308605004 -2792.211053325998 71.34748738005875 -0.9615501510976812 0.2740894426771259 0.017212911925907907 -0.2740915130432214 -0.9617009005725122 0.002284801019008511 0.01717991273854914 -0.0025209623085960388 0.9998492363088218 
809559 0 138.04379783889433 -2791.3798206299657 73.46074000122695 -0.9624539580363259 0.2697913350225555 0.029916788045463612 -0.26935299620426734 -0.9628751472083558 0.017900120789288116 0.03363542917808399 0.009169865606125042 0.9993921009637665 
809569 0 137.39444164113036 -2791.7457121198768 71.32238349748765 -0.9623236197522097 0.2715924176439907 0.01306941258422694 -0.27153783762733036 -0.9624101816533644 0.0058176444212185005 0.014158163852640425 0.002049616605677834 0.9998976674980755 
809579 0 137.8708074258273 -2792.4494909730583 70.31675331395668 -0.9607435223451269 0.27699554602005033 0.015663708275275467 -0.27718971893898997 -0.9607407896447951 -0.011958044456321369 0.01173643840364309 -0.015830432645691745 0.9998058078526291 
