%# timestampLocal timestampVicon translation[3] rotation[9]
1280760650375 0 22.603891914933605 -5.20096743505432 45.67936709131931 0.9997140474648148 -0.017953030274360352 0.0157959490213729 0.01787960039451812 0.9998287322164193 0.004777669331381935 -0.01587901732634165 -0.004493877888369986 0.9998638216628674 
1280760650385 0 22.854348702814292 -4.394826173783155 44.9446277651478 0.9996132149394493 -0.01803509877595899 0.021169688957559236 0.01731187721443756 0.99927653540194 0.03386302854748239 -0.02176509650175346 -0.03348344377803412 0.9992022515822473 
1280760650395 0 21.43839675507772 -5.017586852337075 46.47155256560704 0.9999091073576983 -0.012742688619972345 -0.004404646395037952 0.012808699408868385 0.9998009310398585 0.015298219219418895 0.004208829122707196 -0.01535324651552792 0.9998732737596546 
1280760650405 0 22.08903261637521 -5.8407776033461385 45.42061437033577 0.9999853549802057 -0.0014628282815350574 0.0052105622087055105 0.0014191199748033176 0.9999638613546981 0.008382248093389413 -0.005222635695619894 -0.008374730922289825 0.999951292792989 
1280760650415 0 22.179954258299716 -5.80393878064632 44.74700605262592 0.9999679866361001 -0.0026830830444326665 0.0075383531570935094 0.0026017086732266913 0.9999384678165714 0.010783862602400152 -0.007566823304666282 -0.010763904775891762 0.9999134370229512 
1280760650425 0 22.243098098739658 -6.080773397396581 45.38801666889256 0.9999407181415035 -0.005148439584539935 0.009594465722404476 0.005049465180043259 0.9999340846319688 0.010311609603849057 -0.009646921998730108 -0.010262551391881244 0.9999008035474716 
1280760650434 0 22.362791058447083 -6.4570932989213645 45.29425818243113 0.9999182008673961 -0.0060000144397139845 0.01129563636245756 0.00592479455671737 0.999960130226086 0.006680925661152147 -0.01133527165842716 -0.006613454842393097 0.9999138832076876 
1280760650444 0 22.376888775001547 -6.132178848079715 45.23856782837871 0.9998801318176316 -0.005937972778283593 0.01429903757740599 0.005776783976963248 0.9999196045753828 0.011287743472174464 -0.014364914313674348 -0.01120378797971827 0.9998340484158691 
1280760650454 0 22.198928830113474 -6.434749436561086 45.38824066303122 0.999893352940174 -0.006953830501238853 0.01284239025325025 0.006829554564897933 0.9999296733594591 0.009695644366955953 -0.012908908958615309 -0.009606902550012836 0.9998705253646057 
1280760650464 0 22.416384554513943 -6.015592281133871 45.08607489292322 0.9998802274365379 -0.006735940232574042 0.013934055068087925 0.006531753919782726 0.9998713818301734 0.014647729781467543 -0.014030929127777654 -0.014554961566513274 0.9997956221756568 
1280760650475 0 22.203109939068813 -6.076345388845676 44.89123503419923 0.9998593264289737 -0.007604690230264129 0.014949783928226034 0.007385294023730817 0.9998650215970938 0.01467637621574807 -0.015059375325091209 -0.014563903087594861 0.9997805298872714 
1280760650485 0 22.387420110138027 -6.278049808193885 45.070861628295525 0.9998555086817934 -0.007737826206558829 0.015135646807098443 0.007566066984125621 0.9999067057728968 0.01137252745811202 -0.015222233379628039 -0.011256366909037701 0.9998207728462863 
1280760650494 0 22.355776325267918 -5.964891175234113 44.93091820058559 0.9998528169603569 -0.007026921833394126 0.015651414823792335 0.006775435956599186 0.9998480185618909 0.01606341325680369 -0.015761912448592028 -0.015955003836044746 0.9997484683501919 
1280760650504 0 22.477794603007194 -6.040661039284825 45.1125913299807 0.999859011440515 -0.006477847863668799 0.015491763238936366 0.006230837926637151 0.9998535348475753 0.01594005996037451 -0.015592751518833315 -0.01584128592834294 0.9997529293581532 
1280760650515 0 22.4816918890431 -6.055798319644019 45.12086032098419 0.9998409023033856 -0.007812233717930728 0.01603555691231864 0.007587257177707136 0.9998726047718741 0.0140430678709093 -0.01614322178721198 -0.013919167756876119 0.9997728007698974 
1280760650524 0 22.453835536730235 -5.773065656120488 45.02172498267892 0.9998325725483507 -0.00802250646767721 0.016445858485440477 0.007712557090603411 0.9997930611397176 0.018824222693040564 -0.016593472646533044 -0.01869423137893285 0.999687542374456 
1280760650535 0 22.42481719557441 -5.980004515581391 45.01033642885832 0.9998530809797991 -0.007329958974952183 0.015494778366559393 0.007087458122358769 0.9998524448774033 0.015647888357313667 -0.01560719041234167 -0.015535770792099755 0.99975749831313 
1280760650545 0 22.415030623045332 -5.787156348281028 45.21297859316285 0.9998236622529293 -0.007682409404603115 0.01713548904701556 0.0074312364728446765 0.9998647178887184 0.014673876304442935 -0.017245901647202664 -0.014543950874968414 0.9997454937979573 
1280760650554 0 22.37033424485379 -6.040364954847082 45.36259495417578 0.999870677423872 -0.007010769749128906 0.014473338780388569 0.006786546054431126 0.999857090194359 0.015483603609002866 -0.014579822378145969 -0.015383377249301932 0.9997753650114747 
1280760650564 0 22.438762724113037 -5.700413390929981 45.15027928313132 0.9998321428200029 -0.007389249816878175 0.01676559486284711 0.007069508556283291 0.9997935184555676 0.019051049918812988 -0.016902906044050443 -0.018929327546963543 0.9996779342997852 
1280760650574 0 22.352127032073835 -5.913728829743283 44.93597243154474 0.9998531609388516 -0.007044709367469455 0.015621415765382306 0.0067602808751611185 0.9998117616136489 0.01818625694036232 -0.015746592109913103 -0.01807798132922573 0.9997125744072564 
1280760650585 0 22.419421538546892 -6.038836449022703 45.3238791468793 0.9998591415112357 -0.006839633469401878 0.015326987649862716 0.006635770715649763 0.9998893656198169 0.013312515442600899 -0.015416344684267138 -0.013208933885987923 0.9997939089543262 
1280760650595 0 22.43499874301943 -6.058319682141976 45.24288851592017 0.9998620534812663 -0.0069135959444853535 0.015102191872101513 0.006718796421533468 0.9998940681189342 0.012911634877663477 -0.015189857895035176 -0.012808385209873355 0.9998025872568265 
1280760650604 0 22.392283715737108 -5.903846716433157 45.19022738133381 0.9998587188323957 -0.006568624528552484 0.015472412437730912 0.006308741359153137 0.9998392038544595 0.016785893427044948 -0.015580184764747245 -0.016685910448150525 0.9997393851575583 
1280760650614 0 22.346155316328876 -5.950009960027199 45.27881592653747 0.9998650682208493 -0.006942494234924672 0.014887818023955437 0.006709626756415992 0.9998552566163826 0.015634792143719455 -0.014994207565121981 -0.015532790811240673 0.999766925912789 
1280760650624 0 22.412148331441088 -5.914620129352013 45.17661189431769 0.9998688599131978 -0.006722200306934366 0.01473346527180465 0.006466869675068054 0.9998292634133066 0.017309639482396603 -0.014847308594075473 -0.01721209009499746 0.9997416173102298 
1280760650635 0 22.309753519943285 -5.9593429182845385 45.33852506064671 0.9998901551803807 -0.006647644176523773 0.013247128000307324 0.006434338192813547 0.9998500029903585 0.01608013719470479 -0.013352036001101016 -0.015993134373297718 0.999782947837951 
1280760650644 0 22.38043237640353 -5.833626889186469 45.12123021864164 0.9998788462346041 -0.006317636553015695 0.014226043755766873 0.006078491011947519 0.9998405384556557 0.016791355148477898 -0.014329856927920354 -0.016702847933470565 0.9997578057066305 
1280760650655 0 22.316332840569466 -5.9354767060471 45.434814178766736 0.9999048777139721 -0.006123683763690827 0.012358641550304673 0.005934217841704725 0.9998651927275393 0.015309520911115706 -0.012450726180179252 -0.015234725763301584 0.9998064225381347 
1280760650664 0 22.337971638008217 -5.83037361563318 45.318863089692954 0.9998941320225189 -0.006273837635469397 0.013128735973333156 0.006061345958344283 0.9998509991191659 0.016162909564157224 -0.01322818325043117 -0.01608162061888134 0.9997831748165016 
1280760650674 0 22.29133063405513 -5.924172229052322 45.47309738629527 0.9999068938910084 -0.005768786333116748 0.012366270799172638 0.005583128516452414 0.9998719728261654 0.014995553763727893 -0.012451193726081057 -0.014925115106923745 0.9998110865127675 
1280760650684 0 22.298874882829423 -5.941386523153973 45.41939531843887 0.9999024524329609 -0.005350441405642471 0.01290187565104305 0.005155921021004736 0.9998732483160444 0.015063325673535658 -0.012980835757968451 -0.014995335230885093 0.9998032995666388 
1280760650694 0 22.295418087030907 -5.864267014727267 45.35210094490293 0.9998988737769577 -0.005495437266346203 0.013116493007775717 0.0053024483958097005 0.9998778432291411 0.01470315137821938 -0.01319569098536151 -0.014632114976745936 0.9998058686318689 
1280760650704 0 22.33840470404682 -5.857797250792927 45.5852892002362 0.9999088126549375 -0.004736688704434564 0.012646349477631262 0.004546545155867431 0.9998768251706022 0.015022097520079068 -0.01271594676533214 -0.014963230495931998 0.9998071846266092 
1280760650714 0 22.332513300325825 -5.816339861096574 45.53679040430791 0.9999063908359567 -0.004401429414728022 0.012955191411873413 0.0042036543035750525 0.9998748155742756 0.015253932961842789 -0.013020708732904928 -0.015198045907797683 0.9997997202163428 
1280760650724 0 22.320369591635767 -5.848648212899473 45.59083041204005 0.9999004000427494 -0.003920926485399571 0.013557888104194128 0.003709816703498809 0.9998720343645118 0.015561238890236846 -0.013617167634137348 -0.015509391711755511 0.9997869930712018 
1280760650735 0 22.34549745616383 -5.943830609051126 45.57518995487773 0.9999056720390911 -0.0038324815662532084 0.013189355901555585 0.003635143197650808 0.9998815818262289 0.014953529971582608 -0.013245103170083003 -0.014904174238205068 0.9998011966547605 
1280760650744 0 22.33934869811785 -5.91716982162803 45.573786764979 0.9999070710467342 -0.0031070902874122484 0.013273856285466904 0.0029109922925599357 0.9998867228193512 0.014767113917439336 -0.013318235416676542 -0.014727101531660682 0.9998028491086941 
1280760650754 0 22.35560009535363 -5.993172559777205 45.652910970099555 0.9999178697108224 -0.002420762278013211 0.012585457598521668 0.002241649321857222 0.9998962866215769 0.01422641939136586 -0.012618591097608937 -0.014197038788936297 0.999819591350528 
1280760650764 0 22.31453838108838 -6.004228582696121 45.64397766360042 0.999917618822 -0.0020393809618804467 0.01267266722650178 0.00185918260794306 0.9998972333599608 0.014214997682949143 -0.012700354694718361 -0.014190265832190992 0.9998186522296131 
1280760650774 0 22.316035356647863 -5.939194653602764 45.70290605114502 0.9999158026352098 -0.0013343972317828487 0.01290763434606659 0.0011579344423688267 0.9999059041012524 0.013669020860478054 -0.0129246596942095 -0.013652923770563524 0.9998232598036034 
1280760650785 0 22.27402986101809 -6.097352970896807 45.85209331841455 0.9999256994951149 -0.0010192968678449728 0.012147284597823084 8.510406794324522E-4 0.9999037431708996 0.013848470044940034 -0.012160231040866765 -0.013837103263286422 0.9998303172810444 
1280760650794 0 22.274598073622954 -6.005353095802074 45.670847818559096 0.9999151517910756 -6.326847859892417E-4 0.013011107892555903 4.4945907115758263E-4 0.9999007658185017 0.014080358735379044 -0.013018725174666948 -0.014073316081691212 0.9998162103953362 
1280760650804 0 22.261800051322947 -6.121513721724731 45.85354194392131 0.9999326655585595 -4.22988231297972E-4 0.011596785326549616 2.625973737682834E-4 0.999904344935803 0.013828666642949766 -0.011601525398549237 -0.013824690212034588 0.9998371280108416 
1280760650814 0 22.24751850348057 -6.0826063005387345 45.53529078957841 0.9999269494259174 -0.0012362836978452986 0.012023619022460465 0.0010668846783139258 0.9999002311884615 0.014085078144770282 -0.012039832592773464 -0.014071221406812858 0.9998285068746832 
1280760650824 0 22.250018264281596 -6.122491018663442 45.6262269866509 0.9999321254135625 -0.0011364979116989323 0.011595384358105835 9.777384890508815E-4 0.9999058355537133 0.01368809895776332 -0.0116098489810389 -0.013675832630125184 0.9998390785563996 
1280760650835 0 22.27396690022533 -6.1104434741120865 45.53536214574726 0.9999341756715305 -0.0012315463665597103 0.011407349282094593 0.0010754515520985288 0.999905849527779 0.013679747223167626 -0.011423122517761041 -0.013666578711502272 0.9998413558651525 
1280760650844 0 22.25498553584899 -6.113481177763406 45.499361439456955 0.9999403624623472 -0.0013725352673005593 0.010834558856254147 0.0012167854225165356 0.9998960229856493 0.014368808256684809 -0.010853154007253845 -0.014354768003065687 0.9998380617298348 
1280760650855 0 22.210740369531162 -6.1205829186974 45.38354854209834 0.9999377824066776 -0.0016992399255361102 0.011024694974976771 0.0015456934940361255 0.9999019020566621 0.013921102509924609 -0.011047268768266137 -0.013903195573133497 0.9998423170708555 
1280760650864 0 22.189775009764354 -6.108319568620628 45.34768984004396 0.9999375990891392 -0.0019192468954328562 0.01100519964391026 0.0017596692724977038 0.9998934429124912 0.014491597036083612 -0.011031839914510117 -0.014471327235577642 0.999834425890678 
1280760650875 0 22.19768755263755 -6.081929816098308 45.24967412982877 0.9999308947019405 -0.002345727585217989 0.011519695424478013 0.0021747787488541706 0.9998876662917978 0.014829873058654054 -0.011553188216692592 -0.014803795447053718 0.9998236701950957 
1280760650885 0 22.190599597810177 -6.112230857977974 45.25683393680787 0.999936484028432 -0.0023169876692386306 0.011029935493820494 0.0021487589087808554 0.9998815630551399 0.015239511067034759 -0.011063938901186137 -0.015214842442527498 0.9998230332541054 
1280760650895 0 22.178805878637334 -6.119318160424161 45.16269046280162 0.9999282203537555 -0.002835799545015856 0.01164097852897128 0.002663586447599695 0.9998871831080275 0.014782637231905385 -0.011681585825890496 -0.01475056938678775 0.9998229649569758 
1280760650905 0 22.210785882782456 -6.184258013076178 45.1727323817361 0.9999285540038969 -0.002806706134119101 0.011619349738803186 0.0026442258909539443 0.999898842794884 0.01397541580381637 -0.011657399243121782 -0.013943693130897916 0.9998348255910863 
1280760650915 0 22.226774016050374 -6.13907016254952 45.14883295295605 0.9999275633895331 -0.0027565305359439508 0.011716207290568702 0.0025874311616179172 0.9998926255711066 0.014423679437045842 -0.011754708582310971 -0.014392319754757365 0.9998273290714861 
1280760650925 0 22.2723457985942 -6.263843587213037 45.239116908700325 0.9999323975625871 -0.002409850751065003 0.011375101058619969 0.0022582422937130445 0.9999087057977634 0.01332217743407034 -0.011406167037138783 -0.013295589088098306 0.9998465515589486 
1280760650935 0 22.23431460536935 -6.167654199572114 45.09683610208475 0.9999304766261309 -0.0026003585982822502 0.011501306421405318 0.002436879795262389 0.9998961318438284 0.014205180062663369 -0.011537050364029864 -0.014176165169381545 0.9998329524525525 
1280760650944 0 22.319472908756065 -6.217510712994381 45.18517646518422 0.9999360651875191 -0.002159583294514984 0.011099627799869274 0.0020109217076176448 0.9999083661488443 0.01338713932977088 -0.011127521340685497 -0.013363962943038939 0.9998487799478828 
1280760650955 0 22.262554433073678 -6.232516458342836 45.12994540000002 0.9999274717381268 -0.0025631167311608058 0.011767824608653023 0.0023987567346427023 0.9998996795122305 0.013959830853809547 -0.01180242473077386 -0.013930590223009586 0.9998333068199484 
1280760650965 0 22.28300038776126 -6.211013482973302 45.076396463031735 0.9999249790748386 -0.0026269792442597116 0.011963912496919733 0.002463311564354267 0.9999034672779392 0.013674363666808678 -0.011998679857411066 -0.013643866959386823 0.9998349246631035 
1280760650974 0 22.287647558976378 -6.294831299668906 45.14992347317042 0.9999341478758702 -0.0021951321491383573 0.011264160270750874 0.0020442576225935924 0.9999082831800185 0.013388287372199189 -0.011292516217823694 -0.01336437887954167 0.9998469245112644 
1280760650985 0 22.25265579910694 -6.1840632991847455 45.14106894411239 0.9999289678912882 -0.0025733182515753294 0.011637749139732135 0.002412685035509889 0.9999019224394425 0.013795812872984517 -0.011672108754747508 -0.013766754704108297 0.9998371059038238 
1280760650994 0 22.284934178077876 -6.233306572794732 45.052870612245414 0.9999278072109642 -0.002647880775724803 0.011720456205726452 0.002493092380858799 0.9999097463497603 0.013201653121429706 -0.011754354795279429 -0.013171479877204304 0.9998441614877747 
1280760651004 0 22.295813349404497 -6.206190636686952 45.06389128920294 0.9999316504824883 -0.0024677346420961337 0.011428239107712134 0.002313455866483484 0.9999062838473394 0.01349338521490705 -0.011460466191245255 -0.013466024221730693 0.9998436497304661 
1280760651015 0 22.28256655960831 -6.249266795471373 45.02308103192323 0.999924852180428 -0.00265794007061857 0.011967679245787203 0.002494359420565604 0.9999035486950748 0.013662777099740215 -0.012002839790236362 -0.013631898678362826 0.9998350379814626 
1280760651024 0 22.334835420466618 -6.223679242903259 45.079446885531006 0.9999295030724205 -0.0026227398660217615 0.011580592426016896 0.002466412908755569 0.9999059267533088 0.01349275549953191 -0.01161489098983988 -0.013463241779074044 0.999841905217066 
1280760651035 0 22.273882684653316 -6.243514665808115 45.06760988385814 0.9999239839161103 -0.002642098121633743 0.012043492302907684 0.0024768185065153657 0.9999028378500524 0.013717879919926398 -0.012078566116071898 -0.01368700759579669 0.9998333731495724 
1280760651044 0 22.29020573439952 -6.2650055767239445 44.99832091887322 0.9999213117451797 -0.0027504364690632546 0.012239502319491018 0.002586476532334658 0.9999069820614487 0.013391690106680357 -0.012275196819068168 -0.013358979152439953 0.9998354150654286 
1280760651055 0 22.31080414568464 -6.217940578133029 44.973465554151225 0.9999225402878428 -0.0024448692393419873 0.012203935377982257 0.002269701391981548 0.9998945053066561 0.014346662090833656 -0.012237723640395081 -0.014317851513402625 0.9998226028892033 
1280760651064 0 22.3258875682825 -6.284253935395678 44.98953704361646 0.9999147983131467 -0.002487809246793233 0.012814324778576906 0.002305069864314937 0.9998957262937214 0.014255637217327565 -0.012848453887526978 -0.014224884699110844 0.9998162680652867 
1280760651074 0 22.36207636395247 -6.241694506753482 44.991812368888034 0.9999135260703059 -0.002600404249119868 0.012891015452200462 0.002409868294432922 0.9998879531729867 0.014774086582206348 -0.012927989652347293 -0.014741743359460643 0.9998077555641748 
1280760651085 0 22.401434909174533 -6.277344316741863 45.13045263056004 0.9999186460654577 -0.0025281097058293517 0.012502396247816492 0.0023614789069533438 0.9999084329089277 0.013324759471919717 -0.012534937893509443 -0.01329415130528426 0.9998330565014732 
1280760651095 0 22.31015641847765 -6.212307490350344 44.94035398137412 0.9999054439311766 -0.0029791987107147134 0.013424886287730968 0.002786624899354464 0.9998932869080083 0.014340485276649493 -0.013466176831852791 -0.014301719174336312 0.9998070428388628 
1280760651104 0 22.31106828329423 -6.259805263875395 45.001015569922046 0.9999052669052432 -0.00319882983065913 0.013387483066985596 0.003005887359246787 0.9998916877876545 0.014407544354929852 -0.013432120321745972 -0.014365938217542075 0.999806580275801 
1280760651114 0 22.35461483727216 -6.19908619911627 44.97410504079356 0.9999111591825252 -0.0027890951216773823 0.013034365755996076 0.0026068017534188275 0.999898852932561 0.0139817198072006 -0.013072043714630862 -0.013946499652275781 0.9998172917191279 
1280760651125 0 22.302196129399935 -6.18972907174553 44.91423549222984 0.9998983948884828 -0.0036029181949349 0.01379198607584557 0.00339600161021279 0.9998817745683163 0.01499680163161695 -0.013844387761802369 -0.014948440272993156 0.9997924169850987 
1280760651135 0 22.319419006530932 -6.2525329033436705 44.99420881035989 0.9999018133132722 -0.0029235733504551047 0.013704614248297 0.0027181786726334254 0.9998840687581378 0.014982007488153927 -0.013746826453176647 -0.01494328486431174 0.9997938402490436 
1280760651144 0 22.378297337961882 -6.2052709079878765 44.99293581974683 0.999904645280299 -0.003014977533961 0.013476284998065155 0.002814638991128296 0.9998856176257254 0.014860332182403669 -0.01351954711626783 -0.014820984302382632 0.999798759886248 
1280760651155 0 22.337002340338017 -6.256208254417694 44.92908639211415 0.9998974464401833 -0.003017777260278895 0.013999629381101391 0.0028196667385733875 0.9998959173368432 0.014149345306271719 -0.014040871834905289 -0.014108419951223248 0.9998018835772394 
1280760651164 0 22.286324410129467 -6.180841850388632 44.91358029997474 0.9998972057750619 -0.0035487044692748687 0.0138918889937003 0.003341609159324202 0.9998833666589295 0.014902574510162726 -0.013943153569041102 -0.014854621348064707 0.9997924428065836 
1280760651174 0 22.378853743894965 -6.165950841969406 45.09876685450592 0.9998990101297459 -0.0022973638903841017 0.014024680413809904 0.002089551338821714 0.9998880782198426 0.014814344704788053 -0.014057144687196342 -0.014783543316303186 0.9997919001123474 
1280760651185 0 22.31953217524874 -6.200325730827972 44.89876627110655 0.9998995481794658 -0.003364860782742534 0.013768488022035093 0.003147562700492182 0.9998706344377931 0.01577362475817241 -0.01381978290519185 -0.0157287030895087 0.9997807867225572 
1280760651194 0 22.281725136491065 -6.148498781575304 44.950446653930186 0.9999013465800245 -0.0036995462453987497 0.013550293909426489 0.003495417843378243 0.9998805223220538 0.015057328284826664 -0.013604380234096576 -0.015008478888781637 0.9997948121489184 
1280760651204 0 22.350306149077632 -6.176230745763901 44.99494537194704 0.999896206431618 -0.00374292064226246 0.013912832519829854 0.0035406001335329495 0.9998880446962637 0.014538301970211435 -0.013965690614987003 -0.014487533211294212 0.999797514933448 
1280760651214 0 22.28595605813153 -6.197233981726881 44.900841875352384 0.9998908119966061 -0.003657291369883106 0.014317412636486615 0.0034348176951176663 0.9998734629475658 0.015532550358644218 -0.014372408015672064 -0.015481676688210828 0.9997768508896137 
1280760651224 0 22.315883333250493 -6.186916182385393 44.86044064895364 0.9998828155423015 -0.003837918468842746 0.014819769398551112 0.003593371969711657 0.9998575260276942 0.016492887062797446 -0.014880956322999097 -0.016437701408816764 0.9997541493343789 
1280760651235 0 22.268363164578233 -6.175996573981272 44.882669060659104 0.9998806576540347 -0.0039895735209463145 0.014924937268081662 0.0037409399645799484 0.9998543821145623 0.016649922957426393 -0.014989190022033127 -0.016592102622265507 0.9997499819020031 
1280760651244 0 22.32174496414698 -6.178822353510822 44.88106939789884 0.9998762646251217 -0.0041403202336526045 0.015176072867392297 0.003894762496502338 0.9998615972935911 0.01617458137338567 -0.015240940404365891 -0.016113472806047822 0.9997540046079932 
1280760651255 0 22.393502281208658 -6.200308649013263 44.869616142596044 0.9998805165685193 -0.0031808922783202395 0.015127277051234721 0.002945591370768338 0.9998747267249736 0.015551667053270882 -0.015174850185341043 -0.01550525010998077 0.99976462787042 
1280760651264 0 22.381719440613537 -6.2270388127126095 44.85906361139333 0.9998755452034763 -0.003192617520252541 0.01544996108151479 0.002939623828903152 0.9998616790931019 0.016370134173780634 -0.01550008760605855 -0.016322679758312125 0.9997466266058176 
1280760651274 0 22.384435478342986 -6.182407900237814 44.88588931182981 0.9998700935472771 -0.003273134274379911 0.01578235159225147 0.0030211545442132407 0.9998680123373591 0.01596341222166149 -0.015832518908232597 -0.015913657548175128 0.999748011675172 
1280760651285 0 22.41448394153726 -6.180627451451895 44.82863043315605 0.9998730835309055 -0.0030504444775493016 0.015636867297775303 0.002797697929614442 0.9998655050359281 0.016159972943762913 -0.015684059318093538 -0.016114174745791587 0.9997471398586587 
1280760651294 0 22.41413009800021 -6.1974374506161665 44.811777415933626 0.9998665706784514 -0.003488944200541826 0.015958324099943876 0.003233546636895246 0.9998667322611777 0.01600193405502578 -0.016012027225194424 -0.015948196942597494 0.999744602385239 
1280760651304 0 22.41481432483108 -6.188993128597597 44.86329791941095 0.999863207350292 -0.0033498737930090553 0.016197065560087556 0.0030897647727804165 0.9998662966724715 0.016057463439971054 -0.016248690434485742 -0.01600522177440953 0.9997398726344349 
1280760651314 0 22.3988287769305 -6.158026857025529 44.84173374865511 0.9998668630230013 -0.0031324127921223983 0.016013875815754742 0.002882464055865009 0.9998740394026933 0.0156075856399394 -0.01606074809930449 -0.015559348271735045 0.9997499482629891 
1280760651324 0 22.400738493113234 -6.200770100749664 44.83593680329267 0.9998628857102959 -0.003504227241399435 0.016184256872661878 0.0032434522698026693 0.9998649468611088 0.016111115908139694 -0.016238528149225256 -0.016056413979236902 0.99973921688292 
1280760651335 0 22.35827702103423 -6.112349718241326 44.86592092564565 0.999868994419816 -0.004270133541587671 0.015612813886131846 0.003994228915460397 0.9998360655220271 0.01766035721053715 -0.01568566649131887 -0.01759568245251884 0.9997221373090391 
1280760651344 0 22.413307687858396 -6.186517737378871 44.831756611191246 0.9998603648867652 -0.0034709109252988603 0.01634636063022222 0.0032114528414862085 0.999868872604686 0.015872119167930212 -0.016399307886357524 -0.015817407296479045 0.9997404024681936 
1280760651354 0 22.336310012746058 -6.133431398847079 44.8518652821854 0.9998611164071141 -0.004199443522330025 0.01612800580425809 0.003931909290741784 0.9998547414131184 0.016584214272483824 -0.016195307544125265 -0.016518497141357568 0.9997323898252682 
1280760651364 0 22.400701653298626 -6.165592220998673 44.83746328413481 0.9998599106547107 -0.0035415979673175395 0.016358977638957863 0.0032765931022530194 0.9998634375060653 0.016197847887819306 -0.01641410988132768 -0.016141977028621884 0.9997349716671969 
1280760651374 0 22.34804339016628 -6.129341655865221 44.82911833572556 0.9998602613700005 -0.004076024809536875 0.016212456780706923 0.0037997120459068354 0.9998476282069536 0.017037680514014282 -0.016279432468069656 -0.016973697024557477 0.9997233985897479 
1280760651385 0 22.38520333084623 -6.204957597468908 44.83946961238817 0.9998640167647881 -0.003321129444845655 0.01615295880617926 0.0030543715554725414 0.9998590153292165 0.016511216771959155 -0.016205517374791378 -0.016459634385370906 0.9997331952288647 
1280760651394 0 22.395003967729796 -6.168070636999448 44.80860972646289 0.9998585628647876 -0.0035847927416821066 0.016431784046801744 0.003318081520582854 0.9998627785563967 0.016230045979749017 -0.016487710604699234 -0.016173228449545378 0.9997332554639435 
1280760651405 0 22.40416375737197 -6.173329129626863 44.82990722019187 0.999854609921819 -0.0037081169380120114 0.01664358395482483 0.0034394544660627893 0.9998637968755425 0.01614180444063861 -0.016701172745144422 -0.016082212733264288 0.9997311804993074 
1280760651414 0 22.336257925409214 -6.113812552692597 44.81149245854311 0.9998547200688764 -0.004169694153592668 0.01652732303351873 0.0038783106691799222 0.9998371735949715 0.01762342202786268 -0.01659811622872032 -0.017556763605070424 0.9997080886885799 
1280760651424 0 22.41678173782653 -6.124387615871216 44.819130478444656 0.9998522640589574 -0.003801621024690317 0.016762987017871087 0.003514661753604821 0.9998473506446502 0.017114980620249284 -0.01682549282887219 -0.017053535893133527 0.9997129986674211 
1280760651435 0 22.34054858194066 -6.0851800492739905 44.77996541661857 0.9998475257715207 -0.0047804768985820045 0.01679500667432102 0.00448143015332066 0.9998315521111797 0.017798432142475784 -0.01687726258459209 -0.017720452690931192 0.9997005269399828 
1280760651445 0 22.41595256682079 -6.164490136792431 44.80054947971328 0.9998409184037391 -0.00438808197099485 0.017288222065421077 0.004089572670598669 0.9998425971554332 0.017264307366641737 -0.01736125804598776 -0.017190859492585517 0.9997014859791731 
1280760651455 0 22.44027288017096 -6.1519649131782845 44.81693893406522 0.9998375059982127 -0.004293669546161096 0.017507883969864815 0.003988550370097841 0.9998402113504445 0.017425361765073658 -0.01757990515387023 -0.01735269917122023 0.9996948688306118 
1280760651464 0 22.429845171083997 -6.141443596366528 44.810971689695435 0.9998419941515875 -0.0042117809463467866 0.017269847487366676 0.003908819042603664 0.999838535602393 0.017539209165597185 -0.01734093032882302 -0.01746893315925101 0.9996970183558659 
1280760651475 0 22.45539585707526 -6.110562666690879 44.756818877267385 0.9998417223203082 -0.004339418630340495 0.01725397790396011 0.0040297658108250966 0.9998309229991685 0.017941192885106347 -0.017328914999779847 -0.017868823704467494 0.9996901589214275 
1280760651485 0 22.443764125412926 -6.109247930572322 44.75946421026101 0.9998476179034822 -0.003976304509669553 0.01699794032165492 0.003672339181599989 0.999833459487698 0.017876442985033526 -0.017066191656823916 -0.017811296732923476 0.9996957051078215 
1280760651494 0 22.445860309512263 -6.141327185699517 44.769236530474046 0.999837703658901 -0.004368620299657325 0.017478029029988327 0.004059620803125575 0.9998355275469613 0.017675896973690666 -0.0175523736580134 -0.017602074070038415 0.999690992840989 
1280760651505 0 22.473350246071877 -6.1285667143656815 44.74546170324886 0.9998361704294447 -0.004262196839256088 0.017591645150063468 0.003946104260274131 0.9998308453544998 0.01796410139342185 -0.017665235977743474 -0.01789173987653325 0.9996838625695831 
1280760651514 0 22.4462582684877 -6.15546115096005 44.77611371481909 0.9998309454073822 -0.004384062715287408 0.017856668219153087 0.004067596066225288 0.9998347050715768 0.01772053037228583 -0.017931404518958177 -0.017644900921838663 0.9996835110190805 
1280760651525 0 22.466291925184382 -6.281120479625791 44.957404284939514 0.9998291054925169 -0.004626236932907816 0.017898540216291257 0.004390501479729832 0.9999034006230003 0.013187604760391995 -0.017957820212656263 -0.013106767503866967 0.9997528341239197 
1280760651535 0 22.387746086275527 -6.098809378928121 44.74885844359109 0.9998293553450573 -0.004833056618862841 0.01782979960644318 0.004504860220636025 0.99982052665896 0.01840164953998261 -0.01791553584684495 -0.0183181886418575 0.99967168487469 
1280760651544 0 22.46588365532568 -6.131443686616001 44.70049020399546 0.9998234933812559 -0.004388469899645726 0.0182680982820219 0.0040513415036298505 0.9998215620047082 0.018450766447125275 -0.018345809192365278 -0.018373499459964096 0.9996628660716932 
1280760651554 0 22.42515882380075 -6.080670406331682 44.71879760879022 0.9998240425802448 -0.0050384610864447205 0.018069249801170587 0.004693061882215499 0.9998064295651412 0.01910702934456649 -0.018162022152459153 -0.01901886721350174 0.9996541520152101 
1280760651565 0 22.532136306232605 -6.346128598416481 44.98043725318644 0.9998268813726654 -0.004348420114991462 0.018091393730547637 0.0041068241932523545 0.9999021840514003 0.013369978469889549 -0.01814776238702386 -0.01329336570410709 0.9997469405547591 
1280760651575 0 22.542729021974985 -6.312533545086445 44.9534181175864 0.9998244456935621 -0.00445287739781771 0.01820026583435621 0.004205117334100507 0.9998982830428287 0.013628666706971267 -0.01825910134063769 -0.013549739882494562 0.9997414714651729 
1280760651585 0 22.491964479876685 -6.260797356993415 44.846846309702826 0.9998100671036713 -0.004974785534621141 0.018843599099877303 0.004707715588458623 0.9998882213439388 0.014190920745062044 -0.018912089574940054 -0.014099515117158208 0.9997217295534645 
1280760651595 0 22.536034309790548 -6.289289096861517 44.92648992874247 0.9998134574057346 -0.004781874140926446 0.018713205767362143 0.004529079944637627 0.999898235011735 0.013528010026320824 -0.01877599065951989 -0.013440732871294426 0.999733368891244 
1280760651604 0 22.48760658483082 -6.1711483270472 44.79115236227924 0.9998028717257698 -0.005128146359215541 0.01918123572198693 0.004852644838561491 0.9998847962215184 0.014382145984637523 -0.019252779720724634 -0.01428623113249632 0.9997125757301717 
1280760651614 0 22.574886406376613 -6.2728842162310245 44.86853350781337 0.9998060326091099 -0.005025654949328998 0.019043107697055965 0.004750418000234572 0.999884003137778 0.014471136720893918 -0.01911362569619994 -0.014377867070676441 0.999713932208231 
1280760651625 0 22.52800023955446 -6.185431732679392 44.75111934599954 0.9997779211667226 -0.005694876069455631 0.020289818483664398 0.00539672819077945 0.999877105145354 0.014719032949947924 -0.02037114803788324 -0.014606265528886839 0.9996857873026496 
1280760651635 0 22.53300563172965 -6.164867332819692 44.68399165798729 0.9997742486732579 -0.005556448417997998 0.020507987975436633 0.005218831090007257 0.9998505806781159 0.016479688094386637 -0.020596492222621297 -0.01636894005769532 0.9996538612487379 
1280760651645 0 22.57382629375827 -6.192682447085537 44.77339632433928 0.9997850403405165 -0.005309480626882848 0.02004201902964371 0.005004590198350771 0.9998714590575914 0.015232184314464214 -0.020120317797152617 -0.015128607917319889 0.9996830988039288 
1280760651655 0 22.598406666257905 -6.186328860196558 44.712493959847095 0.999777407400364 -0.005621288999804152 0.020335603305221484 0.005284645627683471 0.9998487354870356 0.016570415370947028 -0.020425674343738574 -0.016459260462019322 0.9996558830780955 
1280760651664 0 22.63122363679538 -6.1753089694355126 44.719594831252365 0.9997747344265354 -0.005957014358840289 0.020371410905462965 0.005616990578929913 0.9998446356040966 0.016707904433158317 -0.020467775140128378 -0.016589714694349306 0.999652865522414 
1280760651675 0 22.591322948072705 -6.1938752775932855 44.684472679261376 0.9997683374807839 -0.006201917961142394 0.020610860838710804 0.005856012592341944 0.9998417065188603 0.016800863726949316 -0.02071179585231024 -0.01667627413592281 0.9996463991799879 
1280760651685 0 22.62599886435058 -6.163322792974387 44.62822215647069 0.9997654722184764 -0.006260422808421051 0.020731803250720215 0.0058918466579887365 0.9998243516645863 0.017791907189744067 -0.02083954660556507 -0.017665585887524964 0.9996267505286786 
1280760651694 0 22.570540766876608 -6.157824615170601 44.58369899735851 0.9997463715022543 -0.0068377958099877225 0.02145780083180363 0.006453304680849019 0.9998182955782153 0.017936852727516578 -0.0215765503909353 -0.017793829703956397 0.9996088395455964 
1280760651704 0 22.654373728621685 -6.0933451459229175 44.51678095118365 0.9997474142781139 -0.006756589851834279 0.021434927986805012 0.006358408660225946 0.9998069659848636 0.018590357916173198 -0.021556397740229938 -0.018449370225456205 0.999597390180041 
1280760651714 0 22.629281327446662 -6.118536072007334 44.51762248267627 0.9997409468140618 -0.006883192361430282 0.021694721160662386 0.006476631161279272 0.9998031327336891 0.018754973332479344 -0.021819544269395058 -0.018609606089780968 0.9995887104449805 
1280760651725 0 22.606283383414777 -6.085830159524881 44.4728783395047 0.9997381486337238 -0.006998122691011731 0.021786703404046353 0.006575246596971911 0.9997897670810456 0.019421322617617226 -0.02191803592029513 -0.01927298417033823 0.9995739851469558 
1280760651735 0 22.608475575650846 -6.07337030232305 44.41645927534323 0.9997290639456661 -0.007464555078832338 0.022047202085466542 0.007042589860076725 0.9997917184164142 0.019155200704145486 -0.02218559511000474 -0.018994741467796544 0.9995734085929789 
1280760651744 0 22.636065456601912 -6.117908317011696 44.36139141254108 0.999726000939377 -0.0077893519951992545 0.02207371833777795 0.007345920503987722 0.9997710067934468 0.020099040453886087 -0.0222252221070963 -0.019931381555545566 0.9995542904372816 
1280760651754 0 22.64188816102651 -6.130272808370901 44.32601315557297 0.9997159010668104 -0.008168947145360256 0.022391638097996474 0.007732355953226979 0.9997796502827856 0.01951567451674146 -0.022546126620506948 -0.019336990018281208 0.9995587791578067 
1280760651764 0 22.62027529788916 -6.175256635793047 44.28211170130594 0.9997076624407523 -0.00826916906225068 0.022720266289525677 0.007827368129756394 0.9997798825424292 0.01946583601101469 -0.022876231451187813 -0.01928230552777231 0.9995523351621591 
1280760651774 0 22.635697836575698 -6.191659911860634 44.23294361799624 0.9997105891581511 -0.00842228075729297 0.022534487167621842 0.00798210182940297 0.9997769636861796 0.01955272187774446 -0.02269413967189377 -0.01936719053680005 0.9995548448960987 
1280760651785 0 22.6879838870304 -6.20091727840815 44.18645955056292 0.9997170990550168 -0.008431875368992328 0.022240173892832588 0.008012804196408395 0.9997899263803939 0.018865261121877478 -0.02239457134958541 -0.018681717962981414 0.9995746478317765 
1280760651794 0 22.643694769966295 -6.216321569342071 44.15219421913665 0.9997115298798305 -0.008407351982683935 0.022498299001656598 0.007949283336962182 0.9997608523247931 0.020372703630889572 -0.022664199076018042 -0.020187981361261115 0.9995392836146061 
1280760651804 0 22.648616217093693 -6.188290001373945 44.109974011928564 0.9997144923564396 -0.00836201638576385 0.022383262820027335 0.007902751761199088 0.9997580317885502 0.02052862364809501 -0.02254950746927892 -0.02034587319945934 0.9995386761684835 
1280760651814 0 22.67092483267426 -6.215352795907494 44.080626584263484 0.9997062473764645 -0.008580909679615587 0.022666868895757687 0.00812377458076681 0.9997632930181245 0.020183216297621685 -0.02283469384572683 -0.019993146891521953 0.9995393193038211 
1280760651825 0 22.67884479980958 -6.227508044920249 44.0447902694151 0.9997060879636835 -0.008954093099128799 0.022529134584355518 0.008502393149301624 0.9997625018605278 0.020066120310430993 -0.022703457866205725 -0.019868671076599877 0.9995447908475975 
1280760651835 0 22.6802062068676 -6.212197922685291 44.01580894013388 0.999692925416167 -0.009064054218241002 0.02306290948676034 0.008598554037747225 0.9997589093131937 0.0202036659384717 -0.023240476357545975 -0.019999154232672144 0.9995298465221797 
1280760651844 0 22.674931700332436 -6.213420815170567 44.022096019803854 0.9996909967073464 -0.00915093488568873 0.023112150332457927 0.008693385256536436 0.9997657606722447 0.019820414734043744 -0.02328811188253966 -0.01961336733368211 0.9995363823627333 
1280760651854 0 22.68008537977978 -6.223849143139197 43.95912529979994 0.9996865217439048 -0.00936791065779002 0.023218537711944827 0.00889930225891613 0.9997562641672557 0.020204323241248972 -0.02340215081734562 -0.019991360840125098 0.9995262301855226 
1280760651864 0 22.676105063259563 -6.271419385793784 43.96133018919871 0.9996905296254437 -0.00877102986768866 0.023279046635549017 0.008324269095594278 0.9997806336459433 0.019219550737213265 -0.02344251524952232 -0.019019821807164605 0.9995442435716388 
1280760651874 0 22.650656265393547 -6.262158564237696 43.93250321016152 0.999669072450247 -0.009818006005312014 0.02377713911601599 0.00934576986266083 0.9997584677655875 0.019891272374557914 -0.023966688802104077 -0.019662474134358766 0.9995193769701409 
1280760651885 0 22.6830643415368 -6.279292680568901 43.92395543010129 0.9996758129063577 -0.009909724112496637 0.023453495646220724 0.009436679917716196 0.9997515265512071 0.02019490605726044 -0.023647794022776492 -0.019967035997994428 0.9995209349039724 
1280760651894 0 22.68670388188068 -6.3215127874089 43.91860825894693 0.9996537655850216 -0.010778230262721102 0.024003722713160026 0.010296096049029816 0.999744562909607 0.020119625712917658 -0.024214445230805185 -0.01986551497149036 0.9995093906297637 
1280760651904 0 22.654628327993525 -6.2345023058004045 43.95395420744105 0.9996974696029532 -0.009824753261430456 0.022548691598501504 0.009378354350855916 0.999759613874799 0.01981819705680975 -0.022737980102069368 -0.019600731829826464 0.9995492962193576 
1280760651914 0 22.672609953827806 -6.278099965533401 43.919352005263505 0.9996895203314138 -0.01015666856030771 0.022753132164690538 0.00970851285949571 0.9997583830192062 0.019721063888117778 -0.022947934931161557 -0.019494041822522942 0.9995465845151075 
